 1          2
  100.0  4.780E+11
  101.0  4.559E+11
  102.0  4.299E+11
  103.0  4.015E+11
  104.0  3.720E+11
  105.0  3.425E+11
  106.0  3.137E+11
  107.0  2.862E+11
  108.0  2.601E+11
  109.0  2.358E+11
  110.0  2.134E+11
  111.0  1.927E+11
  112.0  1.738E+11
  113.0  1.567E+11
  114.0  1.412E+11
  115.0  1.273E+11
  116.0  1.148E+11
  117.0  1.037E+11
  118.0  9.391E+10
  119.0  8.524E+10
  120.0  7.766E+10
  121.0  7.108E+10
  122.0  6.544E+10
  123.0  6.068E+10
  124.0  5.686E+10
  125.0  5.332E+10
  126.0  5.010E+10
  127.0  4.717E+10
  128.0  4.448E+10
  129.0  4.202E+10
  130.0  3.975E+10
  131.0  3.766E+10
  132.0  3.573E+10
  133.0  3.394E+10
  134.0  3.228E+10
  135.0  3.073E+10
  136.0  2.929E+10
  137.0  2.795E+10
  138.0  2.670E+10
  139.0  2.552E+10
  140.0  2.442E+10
  141.0  2.338E+10
  142.0  2.241E+10
  143.0  2.149E+10
  144.0  2.063E+10
  145.0  1.981E+10
  146.0  1.904E+10
  147.0  1.831E+10
  148.0  1.762E+10
  149.0  1.697E+10
  150.0  1.634E+10
  151.0  1.575E+10
  152.0  1.519E+10
  153.0  1.466E+10
  154.0  1.415E+10
  155.0  1.366E+10
  156.0  1.320E+10
  157.0  1.276E+10
  158.0  1.233E+10
  159.0  1.193E+10
  160.0  1.154E+10
  161.0  1.117E+10
  162.0  1.082E+10
  163.0  1.048E+10
  164.0  1.015E+10
  165.0  9.837E+09
  166.0  9.536E+09
  167.0  9.246E+09
  168.0  8.968E+09
  169.0  8.700E+09
  170.0  8.442E+09
  171.0  8.194E+09
  172.0  7.954E+09
  173.0  7.723E+09
  174.0  7.501E+09
  175.0  7.286E+09
  176.0  7.079E+09
  177.0  6.878E+09
  178.0  6.685E+09
  179.0  6.498E+09
  180.0  6.317E+09
  181.0  6.143E+09
  182.0  5.974E+09
  183.0  5.810E+09
  184.0  5.652E+09
  185.0  5.499E+09
  186.0  5.350E+09
  187.0  5.206E+09
  188.0  5.067E+09
  189.0  4.932E+09
  190.0  4.801E+09
  191.0  4.674E+09
  192.0  4.551E+09
  193.0  4.431E+09
  194.0  4.315E+09
  195.0  4.203E+09
  196.0  4.094E+09
  197.0  3.987E+09
  198.0  3.884E+09
  199.0  3.784E+09
  200.0  3.687E+09
  201.0  3.593E+09
  202.0  3.501E+09
  203.0  3.412E+09
  204.0  3.325E+09
  205.0  3.241E+09
  206.0  3.159E+09
  207.0  3.079E+09
  208.0  3.001E+09
  209.0  2.926E+09
  210.0  2.853E+09
  211.0  2.781E+09
  212.0  2.712E+09
  213.0  2.644E+09
  214.0  2.578E+09
  215.0  2.514E+09
  216.0  2.452E+09
  217.0  2.391E+09
  218.0  2.332E+09
  219.0  2.275E+09
  220.0  2.219E+09
  221.0  2.164E+09
  222.0  2.111E+09
  223.0  2.059E+09
  224.0  2.009E+09
  225.0  1.959E+09
  226.0  1.912E+09
  227.0  1.865E+09
  228.0  1.819E+09
  229.0  1.775E+09
  230.0  1.732E+09
  231.0  1.690E+09
  232.0  1.649E+09
  233.0  1.609E+09
  234.0  1.570E+09
  235.0  1.532E+09
  236.0  1.495E+09
  237.0  1.459E+09
  238.0  1.424E+09
  239.0  1.389E+09
  240.0  1.356E+09
  241.0  1.323E+09
  242.0  1.292E+09
  243.0  1.261E+09
  244.0  1.230E+09
  245.0  1.201E+09
  246.0  1.172E+09
  247.0  1.144E+09
  248.0  1.117E+09
  249.0  1.090E+09
  250.0  1.064E+09
  251.0  1.039E+09
  252.0  1.014E+09
  253.0  9.896E+08
  254.0  9.661E+08
  255.0  9.431E+08
  256.0  9.207E+08
  257.0  8.988E+08
  258.0  8.774E+08
  259.0  8.566E+08
  260.0  8.363E+08
  261.0  8.165E+08
  262.0  7.971E+08
  263.0  7.782E+08
  264.0  7.598E+08
  265.0  7.418E+08
  266.0  7.243E+08
  267.0  7.072E+08
  268.0  6.905E+08
  269.0  6.742E+08
  270.0  6.583E+08
  271.0  6.428E+08
  272.0  6.276E+08
  273.0  6.128E+08
  274.0  5.984E+08
  275.0  5.843E+08
  276.0  5.706E+08
  277.0  5.571E+08
  278.0  5.440E+08
  279.0  5.313E+08
  280.0  5.188E+08
  281.0  5.066E+08
  282.0  4.947E+08
  283.0  4.831E+08
  284.0  4.718E+08
  285.0  4.607E+08
  286.0  4.500E+08
  287.0  4.394E+08
  288.0  4.291E+08
  289.0  4.191E+08
  290.0  4.093E+08
  291.0  3.997E+08
  292.0  3.904E+08
  293.0  3.813E+08
  294.0  3.724E+08
  295.0  3.637E+08
  296.0  3.552E+08
  297.0  3.469E+08
  298.0  3.388E+08
  299.0  3.309E+08
  300.0  3.232E+08
  301.0  3.157E+08
  302.0  3.083E+08
  303.0  3.012E+08
  304.0  2.942E+08
  305.0  2.873E+08
  306.0  2.806E+08
  307.0  2.741E+08
  308.0  2.678E+08
  309.0  2.615E+08
  310.0  2.555E+08
  311.0  2.495E+08
  312.0  2.438E+08
  313.0  2.381E+08
  314.0  2.326E+08
  315.0  2.272E+08
  316.0  2.219E+08
  317.0  2.168E+08
  318.0  2.118E+08
  319.0  2.069E+08
  320.0  2.021E+08
  321.0  1.974E+08
  322.0  1.929E+08
  323.0  1.884E+08
  324.0  1.840E+08
  325.0  1.798E+08
  326.0  1.756E+08
  327.0  1.716E+08
  328.0  1.676E+08
  329.0  1.638E+08
  330.0  1.600E+08
  331.0  1.563E+08
  332.0  1.527E+08
  333.0  1.492E+08
  334.0  1.457E+08
  335.0  1.424E+08
  336.0  1.391E+08
  337.0  1.359E+08
  338.0  1.328E+08
  339.0  1.297E+08
  340.0  1.268E+08
  341.0  1.238E+08
  342.0  1.210E+08
  343.0  1.182E+08
  344.0  1.155E+08
  345.0  1.129E+08
  346.0  1.103E+08
  347.0  1.077E+08
  348.0  1.053E+08
  349.0  1.029E+08
  350.0  1.005E+08
  351.0  9.820E+07
  352.0  9.595E+07
  353.0  9.375E+07
  354.0  9.161E+07
  355.0  8.951E+07
  356.0  8.746E+07
  357.0  8.546E+07
  358.0  8.351E+07
  359.0  8.160E+07
  360.0  7.974E+07
  361.0  7.792E+07
  362.0  7.614E+07
  363.0  7.440E+07
  364.0  7.270E+07
  365.0  7.105E+07
  366.0  6.943E+07
  367.0  6.784E+07
  368.0  6.630E+07
  369.0  6.479E+07
  370.0  6.331E+07
  371.0  6.187E+07
  372.0  6.046E+07
  373.0  5.909E+07
  374.0  5.774E+07
  375.0  5.643E+07
  376.0  5.515E+07
  377.0  5.389E+07
  378.0  5.267E+07
  379.0  5.147E+07
  380.0  5.030E+07
  381.0  4.916E+07
  382.0  4.805E+07
  383.0  4.696E+07
  384.0  4.589E+07
  385.0  4.485E+07
  386.0  4.384E+07
  387.0  4.284E+07
  388.0  4.187E+07
  389.0  4.092E+07
  390.0  4.000E+07
  391.0  3.909E+07
  392.0  3.821E+07
  393.0  3.734E+07
  394.0  3.650E+07
  395.0  3.567E+07
  396.0  3.487E+07
  397.0  3.408E+07
  398.0  3.331E+07
  399.0  3.256E+07
  400.0  3.182E+07
  401.0  3.111E+07
  402.0  3.040E+07
  403.0  2.972E+07
  404.0  2.905E+07
  405.0  2.839E+07
  406.0  2.775E+07
  407.0  2.713E+07
  408.0  2.652E+07
  409.0  2.592E+07
  410.0  2.534E+07
  411.0  2.477E+07
  412.0  2.421E+07
  413.0  2.367E+07
  414.0  2.313E+07
  415.0  2.261E+07
  416.0  2.211E+07
  417.0  2.161E+07
  418.0  2.112E+07
  419.0  2.065E+07
  420.0  2.019E+07
  421.0  1.973E+07
  422.0  1.929E+07
  423.0  1.886E+07
  424.0  1.844E+07
  425.0  1.802E+07
  426.0  1.762E+07
  427.0  1.722E+07
  428.0  1.684E+07
  429.0  1.646E+07
  430.0  1.609E+07
  431.0  1.573E+07
  432.0  1.538E+07
  433.0  1.504E+07
  434.0  1.470E+07
  435.0  1.437E+07
  436.0  1.405E+07
  437.0  1.374E+07
  438.0  1.343E+07
  439.0  1.313E+07
  440.0  1.284E+07
  441.0  1.255E+07
  442.0  1.227E+07
  443.0  1.200E+07
  444.0  1.173E+07
  445.0  1.147E+07
  446.0  1.122E+07
  447.0  1.097E+07
  448.0  1.072E+07
  449.0  1.048E+07
  450.0  1.025E+07
  451.0  1.002E+07
  452.0  9.799E+06
  453.0  9.582E+06
  454.0  9.369E+06
  455.0  9.161E+06
  456.0  8.957E+06
  457.0  8.758E+06
  458.0  8.564E+06
  459.0  8.374E+06
  460.0  8.188E+06
  461.0  8.007E+06
  462.0  7.829E+06
  463.0  7.656E+06
  464.0  7.486E+06
  465.0  7.320E+06
  466.0  7.158E+06
  467.0  7.000E+06
  468.0  6.845E+06
  469.0  6.694E+06
  470.0  6.545E+06
  471.0  6.401E+06
  472.0  6.259E+06
  473.0  6.121E+06
  474.0  5.986E+06
  475.0  5.854E+06
  476.0  5.724E+06
  477.0  5.598E+06
  478.0  5.475E+06
  479.0  5.354E+06
  480.0  5.236E+06
  481.0  5.120E+06
  482.0  5.007E+06
  483.0  4.897E+06
  484.0  4.789E+06
  485.0  4.684E+06
  486.0  4.581E+06
  487.0  4.480E+06
  488.0  4.381E+06
  489.0  4.285E+06
  490.0  4.191E+06
  491.0  4.099E+06
  492.0  4.009E+06
  493.0  3.921E+06
  494.0  3.834E+06
  495.0  3.750E+06
  496.0  3.668E+06
  497.0  3.587E+06
  498.0  3.509E+06
  499.0  3.432E+06
  500.0  3.357E+06
  501.0  3.283E+06
  502.0  3.211E+06
  503.0  3.141E+06
  504.0  3.072E+06
  505.0  3.005E+06
  506.0  2.939E+06
  507.0  2.875E+06
  508.0  2.812E+06
  509.0  2.750E+06
  510.0  2.690E+06
  511.0  2.631E+06
  512.0  2.574E+06
  513.0  2.518E+06
  514.0  2.463E+06
  515.0  2.409E+06
  516.0  2.356E+06
  517.0  2.305E+06
  518.0  2.255E+06
  519.0  2.205E+06
  520.0  2.157E+06
  521.0  2.110E+06
  522.0  2.064E+06
  523.0  2.019E+06
  524.0  1.975E+06
  525.0  1.932E+06
  526.0  1.890E+06
  527.0  1.849E+06
  528.0  1.809E+06
  529.0  1.770E+06
  530.0  1.731E+06
  531.0  1.694E+06
  532.0  1.657E+06
  533.0  1.621E+06
  534.0  1.586E+06
  535.0  1.551E+06
  536.0  1.518E+06
  537.0  1.485E+06
  538.0  1.453E+06
  539.0  1.421E+06
  540.0  1.390E+06
  541.0  1.360E+06
  542.0  1.331E+06
  543.0  1.302E+06
  544.0  1.274E+06
  545.0  1.246E+06
  546.0  1.219E+06
  547.0  1.193E+06
  548.0  1.167E+06
  549.0  1.142E+06
  550.0  1.117E+06
  551.0  1.093E+06
  552.0  1.069E+06
  553.0  1.046E+06
  554.0  1.024E+06
  555.0  1.002E+06
  556.0  9.799E+05
  557.0  9.588E+05
  558.0  9.381E+05
  559.0  9.179E+05
  560.0  8.981E+05
  561.0  8.788E+05
  562.0  8.599E+05
  563.0  8.413E+05
  564.0  8.232E+05
  565.0  8.055E+05
  566.0  7.882E+05
  567.0  7.712E+05
  568.0  7.547E+05
  569.0  7.384E+05
  570.0  7.226E+05
  571.0  7.070E+05
  572.0  6.919E+05
  573.0  6.770E+05
  574.0  6.625E+05
  575.0  6.483E+05
  576.0  6.344E+05
  577.0  6.207E+05
  578.0  6.074E+05
  579.0  5.944E+05
  580.0  5.817E+05
  581.0  5.692E+05
  582.0  5.570E+05
  583.0  5.451E+05
  584.0  5.334E+05
  585.0  5.220E+05
  586.0  5.109E+05
  587.0  4.999E+05
  588.0  4.893E+05
  589.0  4.788E+05
  590.0  4.686E+05
  591.0  4.586E+05
  592.0  4.488E+05
  593.0  4.392E+05
  594.0  4.298E+05
  595.0  4.206E+05
  596.0  4.117E+05
  597.0  4.029E+05
  598.0  3.943E+05
  599.0  3.859E+05
  600.0  3.777E+05
  601.0  3.696E+05
  602.0  3.618E+05
  603.0  3.541E+05
  604.0  3.465E+05
  605.0  3.392E+05
  606.0  3.319E+05
  607.0  3.249E+05
  608.0  3.180E+05
  609.0  3.112E+05
  610.0  3.046E+05
  611.0  2.981E+05
  612.0  2.918E+05
  613.0  2.856E+05
  614.0  2.796E+05
  615.0  2.736E+05
  616.0  2.678E+05
  617.0  2.621E+05
  618.0  2.566E+05
  619.0  2.511E+05
  620.0  2.458E+05
  621.0  2.406E+05
  622.0  2.355E+05
  623.0  2.305E+05
  624.0  2.257E+05
  625.0  2.209E+05
  626.0  2.162E+05
  627.0  2.116E+05
  628.0  2.072E+05
  629.0  2.028E+05
  630.0  1.985E+05
  631.0  1.943E+05
  632.0  1.902E+05
  633.0  1.862E+05
  634.0  1.823E+05
  635.0  1.784E+05
  636.0  1.747E+05
  637.0  1.710E+05
  638.0  1.674E+05
  639.0  1.638E+05
  640.0  1.604E+05
  641.0  1.570E+05
  642.0  1.537E+05
  643.0  1.505E+05
  644.0  1.473E+05
  645.0  1.442E+05
  646.0  1.412E+05
  647.0  1.382E+05
  648.0  1.353E+05
  649.0  1.325E+05
  650.0  1.297E+05
  651.0  1.270E+05
  652.0  1.243E+05
  653.0  1.217E+05
  654.0  1.191E+05
  655.0  1.166E+05
  656.0  1.142E+05
  657.0  1.118E+05
  658.0  1.094E+05
  659.0  1.072E+05
  660.0  1.049E+05
  661.0  1.027E+05
  662.0  1.006E+05
  663.0  9.846E+04
  664.0  9.640E+04
  665.0  9.438E+04
  666.0  9.241E+04
  667.0  9.048E+04
  668.0  8.859E+04
  669.0  8.674E+04
  670.0  8.492E+04
  671.0  8.315E+04
  672.0  8.141E+04
  673.0  7.972E+04
  674.0  7.805E+04
  675.0  7.642E+04
  676.0  7.483E+04
  677.0  7.327E+04
  678.0  7.174E+04
  679.0  7.025E+04
  680.0  6.879E+04
  681.0  6.735E+04
  682.0  6.595E+04
  683.0  6.458E+04
  684.0  6.323E+04
  685.0  6.192E+04
  686.0  6.063E+04
  687.0  5.937E+04
  688.0  5.814E+04
  689.0  5.693E+04
  690.0  5.575E+04
  691.0  5.459E+04
  692.0  5.346E+04
  693.0  5.235E+04
  694.0  5.126E+04
  695.0  5.020E+04
  696.0  4.916E+04
  697.0  4.814E+04
  698.0  4.714E+04
  699.0  4.616E+04
  700.0  4.521E+04
  701.0  4.427E+04
  702.0  4.335E+04
  703.0  4.246E+04
  704.0  4.158E+04
  705.0  4.072E+04
  706.0  3.988E+04
  707.0  3.905E+04
  708.0  3.825E+04
  709.0  3.746E+04
  710.0  3.668E+04
  711.0  3.592E+04
  712.0  3.518E+04
  713.0  3.446E+04
  714.0  3.375E+04
  715.0  3.305E+04
  716.0  3.237E+04
  717.0  3.170E+04
  718.0  3.105E+04
  719.0  3.041E+04
  720.0  2.978E+04
  721.0  2.917E+04
  722.0  2.857E+04
  723.0  2.798E+04
  724.0  2.740E+04
  725.0  2.684E+04
  726.0  2.629E+04
  727.0  2.575E+04
  728.0  2.522E+04
  729.0  2.470E+04
  730.0  2.419E+04
  731.0  2.370E+04
  732.0  2.321E+04
  733.0  2.273E+04
  734.0  2.227E+04
  735.0  2.181E+04
  736.0  2.136E+04
  737.0  2.093E+04
  738.0  2.050E+04
  739.0  2.008E+04
  740.0  1.967E+04
  741.0  1.926E+04
  742.0  1.887E+04
  743.0  1.848E+04
  744.0  1.810E+04
  745.0  1.773E+04
  746.0  1.737E+04
  747.0  1.702E+04
  748.0  1.667E+04
  749.0  1.633E+04
  750.0  1.599E+04
  751.0  1.567E+04
  752.0  1.535E+04
  753.0  1.503E+04
  754.0  1.473E+04
  755.0  1.443E+04
  756.0  1.413E+04
  757.0  1.385E+04
  758.0  1.356E+04
  759.0  1.329E+04
  760.0  1.302E+04
  761.0  1.275E+04
  762.0  1.249E+04
  763.0  1.224E+04
  764.0  1.199E+04
  765.0  1.174E+04
  766.0  1.151E+04
  767.0  1.127E+04
  768.0  1.104E+04
  769.0  1.082E+04
  770.0  1.060E+04
  771.0  1.038E+04
  772.0  1.017E+04
  773.0  9.966E+03
  774.0  9.764E+03
  775.0  9.566E+03
  776.0  9.372E+03
  777.0  9.182E+03
  778.0  8.996E+03
  779.0  8.814E+03
  780.0  8.635E+03
  781.0  8.460E+03
  782.0  8.289E+03
  783.0  8.121E+03
  784.0  7.957E+03
  785.0  7.796E+03
  786.0  7.638E+03
  787.0  7.484E+03
  788.0  7.333E+03
  789.0  7.184E+03
  790.0  7.039E+03
  791.0  6.897E+03
  792.0  6.758E+03
  793.0  6.621E+03
  794.0  6.488E+03
  795.0  6.357E+03
  796.0  6.229E+03
  797.0  6.103E+03
  798.0  5.980E+03
  799.0  5.860E+03
  800.0  5.742E+03
  801.0  5.626E+03
  802.0  5.513E+03
  803.0  5.402E+03
  804.0  5.293E+03
  805.0  5.187E+03
  806.0  5.082E+03
  807.0  4.980E+03
  808.0  4.880E+03
  809.0  4.782E+03
  810.0  4.686E+03
  811.0  4.592E+03
  812.0  4.500E+03
  813.0  4.409E+03
  814.0  4.321E+03
  815.0  4.234E+03
  816.0  4.149E+03
  817.0  4.066E+03
  818.0  3.985E+03
  819.0  3.905E+03
  820.0  3.826E+03
  821.0  3.750E+03
  822.0  3.675E+03
  823.0  3.601E+03
  824.0  3.529E+03
  825.0  3.459E+03
  826.0  3.389E+03
  827.0  3.322E+03
  828.0  3.255E+03
  829.0  3.190E+03
  830.0  3.126E+03
  831.0  3.064E+03
  832.0  3.003E+03
  833.0  2.943E+03
  834.0  2.884E+03
  835.0  2.827E+03
  836.0  2.770E+03
  837.0  2.715E+03
  838.0  2.661E+03
  839.0  2.608E+03
  840.0  2.556E+03
  841.0  2.505E+03
  842.0  2.455E+03
  843.0  2.406E+03
  844.0  2.358E+03
  845.0  2.311E+03
  846.0  2.265E+03
  847.0  2.220E+03
  848.0  2.176E+03
  849.0  2.133E+03
  850.0  2.091E+03
  851.0  2.049E+03
  852.0  2.008E+03
  853.0  1.968E+03
  854.0  1.929E+03
  855.0  1.891E+03
  856.0  1.854E+03
  857.0  1.817E+03
  858.0  1.781E+03
  859.0  1.746E+03
  860.0  1.711E+03
  861.0  1.677E+03
  862.0  1.644E+03
  863.0  1.611E+03
  864.0  1.579E+03
  865.0  1.548E+03
  866.0  1.518E+03
  867.0  1.488E+03
  868.0  1.458E+03
  869.0  1.429E+03
  870.0  1.401E+03
  871.0  1.373E+03
  872.0  1.346E+03
  873.0  1.320E+03
  874.0  1.294E+03
  875.0  1.268E+03
  876.0  1.243E+03
  877.0  1.219E+03
  878.0  1.195E+03
  879.0  1.171E+03
  880.0  1.148E+03
  881.0  1.125E+03
  882.0  1.103E+03
  883.0  1.081E+03
  884.0  1.060E+03
  885.0  1.039E+03
  886.0  1.019E+03
  887.0  9.988E+02
  888.0  9.791E+02
  889.0  9.599E+02
  890.0  9.410E+02
  891.0  9.225E+02
  892.0  9.044E+02
  893.0  8.867E+02
  894.0  8.693E+02
  895.0  8.522E+02
  896.0  8.355E+02
  897.0  8.191E+02
  898.0  8.030E+02
  899.0  7.873E+02
  900.0  7.719E+02
  901.0  7.567E+02
  902.0  7.419E+02
  903.0  7.274E+02
  904.0  7.131E+02
  905.0  6.992E+02
  906.0  6.855E+02
  907.0  6.721E+02
  908.0  6.590E+02
  909.0  6.461E+02
  910.0  6.334E+02
  911.0  6.211E+02
  912.0  6.089E+02
  913.0  5.970E+02
  914.0  5.854E+02
  915.0  5.740E+02
  916.0  5.628E+02
  917.0  5.518E+02
  918.0  5.410E+02
  919.0  5.305E+02
  920.0  5.201E+02
  921.0  5.100E+02
  922.0  5.001E+02
  923.0  4.903E+02
  924.0  4.808E+02
  925.0  4.714E+02
  926.0  4.622E+02
  927.0  4.532E+02
  928.0  4.444E+02
  929.0  4.358E+02
  930.0  4.273E+02
  931.0  4.190E+02
  932.0  4.109E+02
  933.0  4.029E+02
  934.0  3.951E+02
  935.0  3.874E+02
  936.0  3.799E+02
  937.0  3.725E+02
  938.0  3.653E+02
  939.0  3.582E+02
  940.0  3.513E+02
  941.0  3.444E+02
  942.0  3.378E+02
  943.0  3.312E+02
  944.0  3.248E+02
  945.0  3.185E+02
  946.0  3.124E+02
  947.0  3.063E+02
  948.0  3.004E+02
  949.0  2.946E+02
  950.0  2.889E+02
  951.0  2.833E+02
  952.0  2.778E+02
  953.0  2.725E+02
  954.0  2.672E+02
  955.0  2.620E+02
  956.0  2.570E+02
  957.0  2.520E+02
  958.0  2.472E+02
  959.0  2.424E+02
  960.0  2.377E+02
  961.0  2.331E+02
  962.0  2.286E+02
  963.0  2.242E+02
  964.0  2.199E+02
  965.0  2.157E+02
  966.0  2.115E+02
  967.0  2.075E+02
  968.0  2.035E+02
  969.0  1.996E+02
  970.0  1.957E+02
  971.0  1.920E+02
  972.0  1.883E+02
  973.0  1.846E+02
  974.0  1.811E+02
  975.0  1.776E+02
  976.0  1.742E+02
  977.0  1.709E+02
  978.0  1.676E+02
  979.0  1.644E+02
  980.0  1.612E+02
  981.0  1.581E+02
  982.0  1.551E+02
  983.0  1.521E+02
  984.0  1.492E+02
  985.0  1.464E+02
  986.0  1.436E+02
  987.0  1.408E+02
  988.0  1.381E+02
  989.0  1.355E+02
  990.0  1.329E+02
  991.0  1.303E+02
  992.0  1.278E+02
  993.0  1.254E+02
  994.0  1.230E+02
  995.0  1.207E+02
  996.0  1.184E+02
  997.0  1.161E+02
  998.0  1.139E+02
  999.0  1.117E+02
 1000.0  1.096E+02