Selected parameters are:
1 Height, km
2 Temperature_neutral, K

      1      2
    0.0  272.1
    0.5  270.8
    1.0  268.9
    1.5  266.4
    2.0  263.6
    2.5  260.4
    3.0  256.9
    3.5  253.3
    4.0  249.6
    4.5  245.8
    5.0  242.1
    5.5  238.4
    6.0  234.8
    6.5  231.5
    7.0  228.3
    7.5  225.3
    8.0  222.6
    8.5  220.2
    9.0  218.1
    9.5  216.3
   10.0  214.9
   10.5  213.9
   11.0  213.2
   11.5  212.7
   12.0  212.4
   12.5  212.3
   13.0  212.3
   13.5  212.4
   14.0  212.4
   14.5  212.4
   15.0  212.2
   15.5  212.0
   16.0  211.5
   16.5  211.0
   17.0  210.4
   17.5  209.8
   18.0  209.1
   18.5  208.4
   19.0  207.8
   19.5  207.2
   20.0  206.7
   20.5  206.3
   21.0  206.0
   21.5  205.9
   22.0  205.8
   22.5  205.8
   23.0  205.9
   23.5  206.1
   24.0  206.3
   24.5  206.7
   25.0  207.2
   25.5  207.7
   26.0  208.4
   26.5  209.1
   27.0  209.9
   27.5  210.8
   28.0  211.7
   28.5  212.8
   29.0  213.9
   29.5  215.2
   30.0  216.5
   30.5  217.9
   31.0  219.4
   31.5  221.0
   32.0  222.7
   32.5  224.4
   33.0  226.2
   33.5  228.1
   34.0  229.9
   34.5  231.7
   35.0  233.6
   35.5  235.4
   36.0  237.2
   36.5  239.0
   37.0  240.8
   37.5  242.5
   38.0  244.2
   38.5  245.9
   39.0  247.5
   39.5  249.1
   40.0  250.6
   40.5  252.0
   41.0  253.3
   41.5  254.6
   42.0  255.8
   42.5  256.9
   43.0  257.8
   43.5  258.7
   44.0  259.4
   44.5  260.0
   45.0  260.5
   45.5  260.8
   46.0  261.0
   46.5  261.1
   47.0  261.0
   47.5  260.9
   48.0  260.6
   48.5  260.2
   49.0  259.7
   49.5  259.1
   50.0  258.5
   50.5  257.8
   51.0  257.0
   51.5  256.1
   52.0  255.2
   52.5  254.2
   53.0  253.2
   53.5  252.2
   54.0  251.2
   54.5  250.1
   55.0  249.0
   55.5  247.9
   56.0  246.8
   56.5  245.7
   57.0  244.6
   57.5  243.5
   58.0  242.4
   58.5  241.3
   59.0  240.2
   59.5  239.2
   60.0  238.1
   60.5  237.1
   61.0  236.0
   61.5  235.0
   62.0  234.0
   62.5  233.0
   63.0  232.1
   63.5  231.2
   64.0  230.2
   64.5  229.4
   65.0  228.5
   65.5  227.7
   66.0  226.9
   66.5  226.1
   67.0  225.4
   67.5  224.7
   68.0  224.0
   68.5  223.4
   69.0  222.8
   69.5  222.2
   70.0  221.7
   70.5  221.2
   71.0  220.8
   71.5  220.4
   72.0  220.0
   72.5  219.7
   73.0  219.4
   73.5  219.0
   74.0  218.6
   74.5  218.2
   75.0  217.7
   75.5  217.2
   76.0  216.7
   76.5  216.1
   77.0  215.5
   77.5  214.9
   78.0  214.2
   78.5  213.5
   79.0  212.8
   79.5  212.1
   80.0  211.3
   80.5  210.5
   81.0  209.7
   81.5  208.9
   82.0  208.0
   82.5  207.2
   83.0  206.3
   83.5  205.4
   84.0  204.5
   84.5  203.6
   85.0  202.7
   85.5  201.7
   86.0  200.8
   86.5  199.8
   87.0  198.8
   87.5  197.9
   88.0  196.9
   88.5  195.9
   89.0  195.0
   89.5  194.0
   90.0  193.0
   90.5  192.0
   91.0  191.0
   91.5  190.1
   92.0  189.2
   92.5  188.3
   93.0  187.4
   93.5  186.6
   94.0  185.9
   94.5  185.2
   95.0  184.6
   95.5  184.1
   96.0  183.7
   96.5  183.3
   97.0  183.1
   97.5  183.0
   98.0  183.0
   98.5  183.1
   99.0  183.3
   99.5  183.7
  100.0  184.3
  100.5  185.0
  101.0  185.8
  101.5  186.9
  102.0  188.1
  102.5  189.5
  103.0  191.0
  103.5  192.7
  104.0  194.5
  104.5  196.6
  105.0  198.8
  105.5  201.2
  106.0  203.7
  106.5  206.5
  107.0  209.5
  107.5  212.6
  108.0  216.0
  108.5  219.6
  109.0  223.4
  109.5  227.4
  110.0  231.7
  110.5  236.2
  111.0  241.0
  111.5  246.1
  112.0  251.4
  112.5  257.1
  113.0  263.0
  113.5  269.1
  114.0  275.6
  114.5  282.3
  115.0  289.3
  115.5  296.6
  116.0  304.2
  116.5  312.0
  117.0  320.0
  117.5  328.3
  118.0  336.7
  118.5  345.3
  119.0  354.0
  119.5  362.7
  120.0  371.5
  120.5  380.1
  121.0  388.6
  121.5  396.8
  122.0  404.7
  122.5  412.2
  123.0  419.0
  123.5  424.0
  124.0  429.5
  124.5  434.9
  125.0  440.3
  125.5  445.5
  126.0  450.6
  126.5  455.7
  127.0  460.6
  127.5  465.5
  128.0  470.2
  128.5  474.9
  129.0  479.5
  129.5  484.0
  130.0  488.5
  130.5  492.8
  131.0  497.1
  131.5  501.3
  132.0  505.4
  132.5  509.5
  133.0  513.5
  133.5  517.4
  134.0  521.2
  134.5  525.0
  135.0  528.7
  135.5  532.3
  136.0  535.9
  136.5  539.4
  137.0  542.8
  137.5  546.2
  138.0  549.5
  138.5  552.8
  139.0  556.0
  139.5  559.1
  140.0  562.2
  140.5  565.2
  141.0  568.2
  141.5  571.2
  142.0  574.0
  142.5  576.8
  143.0  579.6
  143.5  582.3
  144.0  585.0
  144.5  587.6
  145.0  590.2
  145.5  592.7
  146.0  595.2
  146.5  597.7
  147.0  600.0
  147.5  602.4
  148.0  604.7
  148.5  607.0
  149.0  609.2
  149.5  611.4
  150.0  613.5
  150.5  615.7
  151.0  617.7
  151.5  619.8
  152.0  621.8
  152.5  623.7
  153.0  625.7
  153.5  627.6
  154.0  629.4
  154.5  631.2
  155.0  633.0
  155.5  634.8
  156.0  636.5
  156.5  638.2
  157.0  639.9
  157.5  641.5
  158.0  643.2
  158.5  644.7
  159.0  646.3
  159.5  647.8
  160.0  649.3
  160.5  650.8
  161.0  652.2
  161.5  653.7
  162.0  655.1
  162.5  656.4
  163.0  657.8
  163.5  659.1
  164.0  660.4
  164.5  661.7
  165.0  662.9
  165.5  664.1
  166.0  665.4
  166.5  666.5
  167.0  667.7
  167.5  668.8
  168.0  670.0
  168.5  671.1
  169.0  672.2
  169.5  673.2
  170.0  674.3
  170.5  675.3
  171.0  676.3
  171.5  677.3
  172.0  678.3
  172.5  679.2
  173.0  680.2
  173.5  681.1
  174.0  682.0
  174.5  682.9
  175.0  683.8
  175.5  684.6
  176.0  685.5
  176.5  686.3
  177.0  687.1
  177.5  687.9
  178.0  688.7
  178.5  689.5
  179.0  690.2
  179.5  691.0
  180.0  691.7
  180.5  692.4
  181.0  693.1
  181.5  693.8
  182.0  694.5
  182.5  695.2
  183.0  695.8
  183.5  696.5
  184.0  697.1
  184.5  697.7
  185.0  698.3
  185.5  698.9
  186.0  699.5
  186.5  700.1
  187.0  700.7
  187.5  701.2
  188.0  701.8
  188.5  702.3
  189.0  702.9
  189.5  703.4
  190.0  703.9
  190.5  704.4
  191.0  704.9
  191.5  705.4
  192.0  705.8
  192.5  706.3
  193.0  706.8
  193.5  707.2
  194.0  707.7
  194.5  708.1
  195.0  708.5
  195.5  709.0
  196.0  709.4
  196.5  709.8
  197.0  710.2
  197.5  710.6
  198.0  710.9
  198.5  711.3
  199.0  711.7
  199.5  712.1
  200.0  712.4
  200.5  712.8
  201.0  713.1
  201.5  713.5
  202.0  713.8
  202.5  714.1
  203.0  714.4
  203.5  714.8
  204.0  715.1
  204.5  715.4
  205.0  715.7
  205.5  716.0
  206.0  716.3
  206.5  716.5
  207.0  716.8
  207.5  717.1
  208.0  717.4
  208.5  717.6
  209.0  717.9
  209.5  718.1
  210.0  718.4
  210.5  718.6
  211.0  718.9
  211.5  719.1
  212.0  719.4
  212.5  719.6
  213.0  719.8
  213.5  720.0
  214.0  720.3
  214.5  720.5
  215.0  720.7
  215.5  720.9
  216.0  721.1
  216.5  721.3
  217.0  721.5
  217.5  721.7
  218.0  721.9
  218.5  722.1
  219.0  722.2
  219.5  722.4
  220.0  722.6
  220.5  722.8
  221.0  722.9
  221.5  723.1
  222.0  723.3
  222.5  723.4
  223.0  723.6
  223.5  723.7
  224.0  723.9
  224.5  724.0
  225.0  724.2
  225.5  724.3
  226.0  724.5
  226.5  724.6
  227.0  724.8
  227.5  724.9
  228.0  725.0
  228.5  725.2
  229.0  725.3
  229.5  725.4
  230.0  725.5
  230.5  725.7
  231.0  725.8
  231.5  725.9
  232.0  726.0
  232.5  726.1
  233.0  726.2
  233.5  726.3
  234.0  726.4
  234.5  726.6
  235.0  726.7
  235.5  726.8
  236.0  726.9
  236.5  727.0
  237.0  727.1
  237.5  727.2
  238.0  727.2
  238.5  727.3
  239.0  727.4
  239.5  727.5
  240.0  727.6
  240.5  727.7
  241.0  727.8
  241.5  727.9
  242.0  727.9
  242.5  728.0
  243.0  728.1
  243.5  728.2
  244.0  728.2
  244.5  728.3
  245.0  728.4
  245.5  728.5
  246.0  728.5
  246.5  728.6
  247.0  728.7
  247.5  728.7
  248.0  728.8
  248.5  728.9
  249.0  728.9
  249.5  729.0
  250.0  729.1
  250.5  729.1
  251.0  729.2
  251.5  729.2
  252.0  729.3
  252.5  729.3
  253.0  729.4
  253.5  729.5
  254.0  729.5
  254.5  729.6
  255.0  729.6
  255.5  729.7
  256.0  729.7
  256.5  729.8
  257.0  729.8
  257.5  729.9
  258.0  729.9
  258.5  730.0
  259.0  730.0
  259.5  730.0
  260.0  730.1
  260.5  730.1
  261.0  730.2
  261.5  730.2
  262.0  730.2
  262.5  730.3
  263.0  730.3
  263.5  730.4
  264.0  730.4
  264.5  730.4
  265.0  730.5
  265.5  730.5
  266.0  730.5
  266.5  730.6
  267.0  730.6
  267.5  730.6
  268.0  730.7
  268.5  730.7
  269.0  730.7
  269.5  730.8
  270.0  730.8
  270.5  730.8
  271.0  730.9
  271.5  730.9
  272.0  730.9
  272.5  731.0
  273.0  731.0
  273.5  731.0
  274.0  731.0
  274.5  731.1
  275.0  731.1
  275.5  731.1
  276.0  731.1
  276.5  731.2
  277.0  731.2
  277.5  731.2
  278.0  731.2
  278.5  731.3
  279.0  731.3
  279.5  731.3
  280.0  731.3
  280.5  731.3
  281.0  731.4
  281.5  731.4
  282.0  731.4
  282.5  731.4
  283.0  731.4
  283.5  731.5
  284.0  731.5
  284.5  731.5
  285.0  731.5
  285.5  731.5
  286.0  731.5
  286.5  731.6
  287.0  731.6
  287.5  731.6
  288.0  731.6
  288.5  731.6
  289.0  731.6
  289.5  731.7
  290.0  731.7
  290.5  731.7
  291.0  731.7
  291.5  731.7
  292.0  731.7
  292.5  731.8
  293.0  731.8
  293.5  731.8
  294.0  731.8
  294.5  731.8
  295.0  731.8
  295.5  731.8
  296.0  731.8
  296.5  731.9
  297.0  731.9
  297.5  731.9
  298.0  731.9
  298.5  731.9
  299.0  731.9
  299.5  731.9
  300.0  731.9