Selected parameters are:
1 Height, km
2 He, cm-3 

      1          2
  200.0  3.174E+07
  201.0  3.151E+07
  202.0  3.130E+07
  203.0  3.109E+07
  204.0  3.088E+07
  205.0  3.067E+07
  206.0  3.047E+07
  207.0  3.026E+07
  208.0  3.006E+07
  209.0  2.987E+07
  210.0  2.967E+07
  211.0  2.947E+07
  212.0  2.928E+07
  213.0  2.909E+07
  214.0  2.890E+07
  215.0  2.871E+07
  216.0  2.853E+07
  217.0  2.835E+07
  218.0  2.816E+07
  219.0  2.798E+07
  220.0  2.780E+07
  221.0  2.763E+07
  222.0  2.745E+07
  223.0  2.728E+07
  224.0  2.710E+07
  225.0  2.693E+07
  226.0  2.676E+07
  227.0  2.659E+07
  228.0  2.643E+07
  229.0  2.626E+07
  230.0  2.610E+07
  231.0  2.593E+07
  232.0  2.577E+07
  233.0  2.561E+07
  234.0  2.545E+07
  235.0  2.529E+07
  236.0  2.514E+07
  237.0  2.498E+07
  238.0  2.483E+07
  239.0  2.467E+07
  240.0  2.452E+07
  241.0  2.437E+07
  242.0  2.422E+07
  243.0  2.407E+07
  244.0  2.393E+07
  245.0  2.378E+07
  246.0  2.363E+07
  247.0  2.349E+07
  248.0  2.335E+07
  249.0  2.320E+07
  250.0  2.306E+07
  251.0  2.292E+07
  252.0  2.278E+07
  253.0  2.265E+07
  254.0  2.251E+07
  255.0  2.237E+07
  256.0  2.224E+07
  257.0  2.210E+07
  258.0  2.197E+07
  259.0  2.184E+07
  260.0  2.171E+07
  261.0  2.157E+07
  262.0  2.144E+07
  263.0  2.132E+07
  264.0  2.119E+07
  265.0  2.106E+07
  266.0  2.093E+07
  267.0  2.081E+07
  268.0  2.068E+07
  269.0  2.056E+07
  270.0  2.044E+07
  271.0  2.031E+07
  272.0  2.019E+07
  273.0  2.007E+07
  274.0  1.995E+07
  275.0  1.983E+07
  276.0  1.972E+07
  277.0  1.960E+07
  278.0  1.948E+07
  279.0  1.937E+07
  280.0  1.925E+07
  281.0  1.914E+07
  282.0  1.902E+07
  283.0  1.891E+07
  284.0  1.880E+07
  285.0  1.869E+07
  286.0  1.858E+07
  287.0  1.847E+07
  288.0  1.836E+07
  289.0  1.825E+07
  290.0  1.814E+07
  291.0  1.803E+07
  292.0  1.793E+07
  293.0  1.782E+07
  294.0  1.772E+07
  295.0  1.761E+07
  296.0  1.751E+07
  297.0  1.740E+07
  298.0  1.730E+07
  299.0  1.720E+07
  300.0  1.710E+07
  301.0  1.700E+07
  302.0  1.690E+07
  303.0  1.680E+07
  304.0  1.670E+07
  305.0  1.660E+07
  306.0  1.650E+07
  307.0  1.641E+07
  308.0  1.631E+07
  309.0  1.622E+07
  310.0  1.612E+07
  311.0  1.603E+07
  312.0  1.593E+07
  313.0  1.584E+07
  314.0  1.575E+07
  315.0  1.565E+07
  316.0  1.556E+07
  317.0  1.547E+07
  318.0  1.538E+07
  319.0  1.529E+07
  320.0  1.520E+07
  321.0  1.511E+07
  322.0  1.502E+07
  323.0  1.494E+07
  324.0  1.485E+07
  325.0  1.476E+07
  326.0  1.468E+07
  327.0  1.459E+07
  328.0  1.451E+07
  329.0  1.442E+07
  330.0  1.434E+07
  331.0  1.426E+07
  332.0  1.417E+07
  333.0  1.409E+07
  334.0  1.401E+07
  335.0  1.393E+07
  336.0  1.385E+07
  337.0  1.377E+07
  338.0  1.369E+07
  339.0  1.361E+07
  340.0  1.353E+07
  341.0  1.345E+07
  342.0  1.337E+07
  343.0  1.329E+07
  344.0  1.322E+07
  345.0  1.314E+07
  346.0  1.306E+07
  347.0  1.299E+07
  348.0  1.291E+07
  349.0  1.284E+07
  350.0  1.276E+07
  351.0  1.269E+07
  352.0  1.262E+07
  353.0  1.254E+07
  354.0  1.247E+07
  355.0  1.240E+07
  356.0  1.233E+07
  357.0  1.226E+07
  358.0  1.219E+07
  359.0  1.212E+07
  360.0  1.205E+07
  361.0  1.198E+07
  362.0  1.191E+07
  363.0  1.184E+07
  364.0  1.177E+07
  365.0  1.170E+07
  366.0  1.164E+07
  367.0  1.157E+07
  368.0  1.150E+07
  369.0  1.144E+07
  370.0  1.137E+07
  371.0  1.131E+07
  372.0  1.124E+07
  373.0  1.118E+07
  374.0  1.111E+07
  375.0  1.105E+07
  376.0  1.099E+07
  377.0  1.092E+07
  378.0  1.086E+07
  379.0  1.080E+07
  380.0  1.074E+07
  381.0  1.067E+07
  382.0  1.061E+07
  383.0  1.055E+07
  384.0  1.049E+07
  385.0  1.043E+07
  386.0  1.037E+07
  387.0  1.031E+07
  388.0  1.025E+07
  389.0  1.020E+07
  390.0  1.014E+07
  391.0  1.008E+07
  392.0  1.002E+07
  393.0  9.965E+06
  394.0  9.909E+06
  395.0  9.852E+06
  396.0  9.796E+06
  397.0  9.740E+06
  398.0  9.685E+06
  399.0  9.630E+06
  400.0  9.575E+06
  401.0  9.520E+06
  402.0  9.466E+06
  403.0  9.412E+06
  404.0  9.359E+06
  405.0  9.306E+06
  406.0  9.253E+06
  407.0  9.200E+06
  408.0  9.148E+06
  409.0  9.096E+06
  410.0  9.044E+06
  411.0  8.993E+06
  412.0  8.942E+06
  413.0  8.891E+06
  414.0  8.841E+06
  415.0  8.791E+06
  416.0  8.741E+06
  417.0  8.692E+06
  418.0  8.642E+06
  419.0  8.594E+06
  420.0  8.545E+06
  421.0  8.497E+06
  422.0  8.449E+06
  423.0  8.401E+06
  424.0  8.353E+06
  425.0  8.306E+06
  426.0  8.259E+06
  427.0  8.213E+06
  428.0  8.166E+06
  429.0  8.120E+06
  430.0  8.074E+06
  431.0  8.029E+06
  432.0  7.984E+06
  433.0  7.939E+06
  434.0  7.894E+06
  435.0  7.849E+06
  436.0  7.805E+06
  437.0  7.761E+06
  438.0  7.718E+06
  439.0  7.674E+06
  440.0  7.631E+06
  441.0  7.588E+06
  442.0  7.545E+06
  443.0  7.503E+06
  444.0  7.461E+06
  445.0  7.419E+06
  446.0  7.377E+06
  447.0  7.336E+06
  448.0  7.295E+06
  449.0  7.254E+06
  450.0  7.213E+06
  451.0  7.173E+06
  452.0  7.132E+06
  453.0  7.093E+06
  454.0  7.053E+06
  455.0  7.013E+06
  456.0  6.974E+06
  457.0  6.935E+06
  458.0  6.896E+06
  459.0  6.858E+06
  460.0  6.819E+06
  461.0  6.781E+06
  462.0  6.743E+06
  463.0  6.706E+06
  464.0  6.668E+06
  465.0  6.631E+06
  466.0  6.594E+06
  467.0  6.557E+06
  468.0  6.521E+06
  469.0  6.484E+06
  470.0  6.448E+06
  471.0  6.412E+06
  472.0  6.376E+06
  473.0  6.341E+06
  474.0  6.306E+06
  475.0  6.270E+06
  476.0  6.236E+06
  477.0  6.201E+06
  478.0  6.166E+06
  479.0  6.132E+06
  480.0  6.098E+06
  481.0  6.064E+06
  482.0  6.030E+06
  483.0  5.997E+06
  484.0  5.964E+06
  485.0  5.930E+06
  486.0  5.898E+06
  487.0  5.865E+06
  488.0  5.832E+06
  489.0  5.800E+06
  490.0  5.768E+06
  491.0  5.736E+06
  492.0  5.704E+06
  493.0  5.673E+06
  494.0  5.641E+06
  495.0  5.610E+06
  496.0  5.579E+06
  497.0  5.548E+06
  498.0  5.517E+06
  499.0  5.487E+06
  500.0  5.456E+06
  501.0  5.426E+06
  502.0  5.396E+06
  503.0  5.367E+06
  504.0  5.337E+06
  505.0  5.307E+06
  506.0  5.278E+06
  507.0  5.249E+06
  508.0  5.220E+06
  509.0  5.191E+06
  510.0  5.163E+06
  511.0  5.134E+06
  512.0  5.106E+06
  513.0  5.078E+06
  514.0  5.050E+06
  515.0  5.022E+06
  516.0  4.995E+06
  517.0  4.967E+06
  518.0  4.940E+06
  519.0  4.913E+06
  520.0  4.886E+06
  521.0  4.859E+06
  522.0  4.832E+06
  523.0  4.806E+06
  524.0  4.779E+06
  525.0  4.753E+06
  526.0  4.727E+06
  527.0  4.701E+06
  528.0  4.675E+06
  529.0  4.650E+06
  530.0  4.624E+06
  531.0  4.599E+06
  532.0  4.574E+06
  533.0  4.549E+06
  534.0  4.524E+06
  535.0  4.499E+06
  536.0  4.474E+06
  537.0  4.450E+06
  538.0  4.426E+06
  539.0  4.401E+06
  540.0  4.377E+06
  541.0  4.353E+06
  542.0  4.330E+06
  543.0  4.306E+06
  544.0  4.283E+06
  545.0  4.259E+06
  546.0  4.236E+06
  547.0  4.213E+06
  548.0  4.190E+06
  549.0  4.167E+06
  550.0  4.144E+06
  551.0  4.122E+06
  552.0  4.099E+06
  553.0  4.077E+06
  554.0  4.055E+06
  555.0  4.033E+06
  556.0  4.011E+06
  557.0  3.989E+06
  558.0  3.967E+06
  559.0  3.946E+06
  560.0  3.924E+06
  561.0  3.903E+06
  562.0  3.882E+06
  563.0  3.861E+06
  564.0  3.840E+06
  565.0  3.819E+06
  566.0  3.798E+06
  567.0  3.778E+06
  568.0  3.757E+06
  569.0  3.737E+06
  570.0  3.717E+06
  571.0  3.697E+06
  572.0  3.677E+06
  573.0  3.657E+06
  574.0  3.637E+06
  575.0  3.617E+06
  576.0  3.598E+06
  577.0  3.578E+06
  578.0  3.559E+06
  579.0  3.540E+06
  580.0  3.521E+06
  581.0  3.502E+06
  582.0  3.483E+06
  583.0  3.464E+06
  584.0  3.445E+06
  585.0  3.427E+06
  586.0  3.408E+06
  587.0  3.390E+06
  588.0  3.371E+06
  589.0  3.353E+06
  590.0  3.335E+06
  591.0  3.317E+06
  592.0  3.299E+06
  593.0  3.282E+06
  594.0  3.264E+06
  595.0  3.247E+06
  596.0  3.229E+06
  597.0  3.212E+06
  598.0  3.194E+06
  599.0  3.177E+06
  600.0  3.160E+06
  601.0  3.143E+06
  602.0  3.126E+06
  603.0  3.110E+06
  604.0  3.093E+06
  605.0  3.076E+06
  606.0  3.060E+06
  607.0  3.043E+06
  608.0  3.027E+06
  609.0  3.011E+06
  610.0  2.995E+06
  611.0  2.979E+06
  612.0  2.963E+06
  613.0  2.947E+06
  614.0  2.931E+06
  615.0  2.916E+06
  616.0  2.900E+06
  617.0  2.885E+06
  618.0  2.869E+06
  619.0  2.854E+06
  620.0  2.839E+06
  621.0  2.823E+06
  622.0  2.808E+06
  623.0  2.793E+06
  624.0  2.778E+06
  625.0  2.764E+06
  626.0  2.749E+06
  627.0  2.734E+06
  628.0  2.720E+06
  629.0  2.705E+06
  630.0  2.691E+06
  631.0  2.676E+06
  632.0  2.662E+06
  633.0  2.648E+06
  634.0  2.634E+06
  635.0  2.620E+06
  636.0  2.606E+06
  637.0  2.592E+06
  638.0  2.578E+06
  639.0  2.565E+06
  640.0  2.551E+06
  641.0  2.538E+06
  642.0  2.524E+06
  643.0  2.511E+06
  644.0  2.497E+06
  645.0  2.484E+06
  646.0  2.471E+06
  647.0  2.458E+06
  648.0  2.445E+06
  649.0  2.432E+06
  650.0  2.419E+06
  651.0  2.406E+06
  652.0  2.394E+06
  653.0  2.381E+06
  654.0  2.368E+06
  655.0  2.356E+06
  656.0  2.343E+06
  657.0  2.331E+06
  658.0  2.319E+06
  659.0  2.306E+06
  660.0  2.294E+06
  661.0  2.282E+06
  662.0  2.270E+06
  663.0  2.258E+06
  664.0  2.246E+06
  665.0  2.234E+06
  666.0  2.223E+06
  667.0  2.211E+06
  668.0  2.199E+06
  669.0  2.188E+06
  670.0  2.176E+06
  671.0  2.165E+06
  672.0  2.153E+06
  673.0  2.142E+06
  674.0  2.131E+06
  675.0  2.120E+06
  676.0  2.108E+06
  677.0  2.097E+06
  678.0  2.086E+06
  679.0  2.075E+06
  680.0  2.064E+06
  681.0  2.054E+06
  682.0  2.043E+06
  683.0  2.032E+06
  684.0  2.022E+06
  685.0  2.011E+06
  686.0  2.000E+06
  687.0  1.990E+06
  688.0  1.979E+06
  689.0  1.969E+06
  690.0  1.959E+06
  691.0  1.949E+06
  692.0  1.938E+06
  693.0  1.928E+06
  694.0  1.918E+06
  695.0  1.908E+06
  696.0  1.898E+06
  697.0  1.888E+06
  698.0  1.878E+06
  699.0  1.869E+06
  700.0  1.859E+06
  701.0  1.849E+06
  702.0  1.839E+06
  703.0  1.830E+06
  704.0  1.820E+06
  705.0  1.811E+06
  706.0  1.801E+06
  707.0  1.792E+06
  708.0  1.783E+06
  709.0  1.773E+06
  710.0  1.764E+06
  711.0  1.755E+06
  712.0  1.746E+06
  713.0  1.737E+06
  714.0  1.728E+06
  715.0  1.719E+06
  716.0  1.710E+06
  717.0  1.701E+06
  718.0  1.692E+06
  719.0  1.683E+06
  720.0  1.675E+06
  721.0  1.666E+06
  722.0  1.657E+06
  723.0  1.649E+06
  724.0  1.640E+06
  725.0  1.632E+06
  726.0  1.623E+06
  727.0  1.615E+06
  728.0  1.606E+06
  729.0  1.598E+06
  730.0  1.590E+06
  731.0  1.582E+06
  732.0  1.573E+06
  733.0  1.565E+06
  734.0  1.557E+06
  735.0  1.549E+06
  736.0  1.541E+06
  737.0  1.533E+06
  738.0  1.525E+06
  739.0  1.517E+06
  740.0  1.510E+06
  741.0  1.502E+06
  742.0  1.494E+06
  743.0  1.486E+06
  744.0  1.479E+06
  745.0  1.471E+06
  746.0  1.464E+06
  747.0  1.456E+06
  748.0  1.448E+06
  749.0  1.441E+06
  750.0  1.434E+06
  751.0  1.426E+06
  752.0  1.419E+06
  753.0  1.412E+06
  754.0  1.404E+06
  755.0  1.397E+06
  756.0  1.390E+06
  757.0  1.383E+06
  758.0  1.376E+06
  759.0  1.369E+06
  760.0  1.362E+06
  761.0  1.355E+06
  762.0  1.348E+06
  763.0  1.341E+06
  764.0  1.334E+06
  765.0  1.327E+06
  766.0  1.320E+06
  767.0  1.314E+06
  768.0  1.307E+06
  769.0  1.300E+06
  770.0  1.293E+06
  771.0  1.287E+06
  772.0  1.280E+06
  773.0  1.274E+06
  774.0  1.267E+06
  775.0  1.261E+06
  776.0  1.254E+06
  777.0  1.248E+06
  778.0  1.242E+06
  779.0  1.235E+06
  780.0  1.229E+06
  781.0  1.223E+06
  782.0  1.216E+06
  783.0  1.210E+06
  784.0  1.204E+06
  785.0  1.198E+06
  786.0  1.192E+06
  787.0  1.186E+06
  788.0  1.180E+06
  789.0  1.174E+06
  790.0  1.168E+06
  791.0  1.162E+06
  792.0  1.156E+06
  793.0  1.150E+06
  794.0  1.144E+06
  795.0  1.138E+06
  796.0  1.133E+06
  797.0  1.127E+06
  798.0  1.121E+06
  799.0  1.115E+06
  800.0  1.110E+06
  801.0  1.104E+06
  802.0  1.098E+06
  803.0  1.093E+06
  804.0  1.087E+06
  805.0  1.082E+06
  806.0  1.076E+06
  807.0  1.071E+06
  808.0  1.065E+06
  809.0  1.060E+06
  810.0  1.055E+06
  811.0  1.049E+06
  812.0  1.044E+06
  813.0  1.039E+06
  814.0  1.034E+06
  815.0  1.028E+06
  816.0  1.023E+06
  817.0  1.018E+06
  818.0  1.013E+06
  819.0  1.008E+06
  820.0  1.003E+06
  821.0  9.976E+05
  822.0  9.925E+05
  823.0  9.875E+05
  824.0  9.826E+05
  825.0  9.776E+05
  826.0  9.727E+05
  827.0  9.678E+05
  828.0  9.629E+05
  829.0  9.581E+05
  830.0  9.532E+05
  831.0  9.484E+05
  832.0  9.437E+05
  833.0  9.389E+05
  834.0  9.342E+05
  835.0  9.295E+05
  836.0  9.248E+05
  837.0  9.202E+05
  838.0  9.156E+05
  839.0  9.110E+05
  840.0  9.064E+05
  841.0  9.019E+05
  842.0  8.973E+05
  843.0  8.928E+05
  844.0  8.884E+05
  845.0  8.839E+05
  846.0  8.795E+05
  847.0  8.751E+05
  848.0  8.707E+05
  849.0  8.663E+05
  850.0  8.620E+05
  851.0  8.577E+05
  852.0  8.534E+05
  853.0  8.491E+05
  854.0  8.449E+05
  855.0  8.407E+05
  856.0  8.365E+05
  857.0  8.323E+05
  858.0  8.281E+05
  859.0  8.240E+05
  860.0  8.199E+05
  861.0  8.158E+05
  862.0  8.117E+05
  863.0  8.077E+05
  864.0  8.036E+05
  865.0  7.996E+05
  866.0  7.957E+05
  867.0  7.917E+05
  868.0  7.877E+05
  869.0  7.838E+05
  870.0  7.799E+05
  871.0  7.760E+05
  872.0  7.722E+05
  873.0  7.683E+05
  874.0  7.645E+05
  875.0  7.607E+05
  876.0  7.569E+05
  877.0  7.532E+05
  878.0  7.494E+05
  879.0  7.457E+05
  880.0  7.420E+05
  881.0  7.383E+05
  882.0  7.347E+05
  883.0  7.310E+05
  884.0  7.274E+05
  885.0  7.238E+05
  886.0  7.202E+05
  887.0  7.167E+05
  888.0  7.131E+05
  889.0  7.096E+05
  890.0  7.061E+05
  891.0  7.026E+05
  892.0  6.991E+05
  893.0  6.956E+05
  894.0  6.922E+05
  895.0  6.888E+05
  896.0  6.854E+05
  897.0  6.820E+05
  898.0  6.786E+05
  899.0  6.753E+05
  900.0  6.719E+05
  901.0  6.686E+05
  902.0  6.653E+05
  903.0  6.620E+05
  904.0  6.588E+05
  905.0  6.555E+05
  906.0  6.523E+05
  907.0  6.491E+05
  908.0  6.459E+05
  909.0  6.427E+05
  910.0  6.395E+05
  911.0  6.364E+05
  912.0  6.333E+05
  913.0  6.301E+05
  914.0  6.270E+05
  915.0  6.240E+05
  916.0  6.209E+05
  917.0  6.178E+05
  918.0  6.148E+05
  919.0  6.118E+05
  920.0  6.088E+05
  921.0  6.058E+05
  922.0  6.028E+05
  923.0  5.999E+05
  924.0  5.969E+05
  925.0  5.940E+05
  926.0  5.911E+05
  927.0  5.882E+05
  928.0  5.853E+05
  929.0  5.824E+05
  930.0  5.796E+05
  931.0  5.768E+05
  932.0  5.739E+05
  933.0  5.711E+05
  934.0  5.683E+05
  935.0  5.656E+05
  936.0  5.628E+05
  937.0  5.600E+05
  938.0  5.573E+05
  939.0  5.546E+05
  940.0  5.519E+05
  941.0  5.492E+05
  942.0  5.465E+05
  943.0  5.438E+05
  944.0  5.412E+05
  945.0  5.385E+05
  946.0  5.359E+05
  947.0  5.333E+05
  948.0  5.307E+05
  949.0  5.281E+05
  950.0  5.256E+05
  951.0  5.230E+05
  952.0  5.205E+05
  953.0  5.179E+05
  954.0  5.154E+05
  955.0  5.129E+05
  956.0  5.104E+05
  957.0  5.079E+05
  958.0  5.055E+05
  959.0  5.030E+05
  960.0  5.006E+05
  961.0  4.981E+05
  962.0  4.957E+05
  963.0  4.933E+05
  964.0  4.909E+05
  965.0  4.885E+05
  966.0  4.862E+05
  967.0  4.838E+05
  968.0  4.815E+05
  969.0  4.791E+05
  970.0  4.768E+05
  971.0  4.745E+05
  972.0  4.722E+05
  973.0  4.699E+05
  974.0  4.676E+05
  975.0  4.654E+05
  976.0  4.631E+05
  977.0  4.609E+05
  978.0  4.587E+05
  979.0  4.565E+05
  980.0  4.543E+05
  981.0  4.521E+05
  982.0  4.499E+05
  983.0  4.477E+05
  984.0  4.455E+05
  985.0  4.434E+05
  986.0  4.413E+05
  987.0  4.391E+05
  988.0  4.370E+05
  989.0  4.349E+05
  990.0  4.328E+05
  991.0  4.307E+05
  992.0  4.287E+05
  993.0  4.266E+05
  994.0  4.245E+05
  995.0  4.225E+05
  996.0  4.205E+05
  997.0  4.184E+05
  998.0  4.164E+05
  999.0  4.144E+05
 1000.0  4.124E+05