Selected parameters are:
1 Height, km
2 O, cm-3 
3 N2, cm-3
4 O2, cm-3
5 He, cm-3 
6 Ar, cm-3
7 H, cm-3
8 N, cm-3

      1          2          3          4          5          6          7          8
    0.0  0.000E+00  2.105E+19  5.646E+18  1.412E+14  2.518E+17  0.000E+00  0.000E+00
    1.0  0.000E+00  1.877E+19  5.036E+18  1.260E+14  2.245E+17  0.000E+00  0.000E+00
    2.0  0.000E+00  1.684E+19  4.519E+18  1.130E+14  2.015E+17  0.000E+00  0.000E+00
    3.0  0.000E+00  1.516E+19  4.066E+18  1.017E+14  1.813E+17  0.000E+00  0.000E+00
    4.0  0.000E+00  1.363E+19  3.658E+18  9.150E+13  1.631E+17  0.000E+00  0.000E+00
    5.0  0.000E+00  1.224E+19  3.282E+18  8.211E+13  1.464E+17  0.000E+00  0.000E+00
    6.0  0.000E+00  1.093E+19  2.932E+18  7.335E+13  1.307E+17  0.000E+00  0.000E+00
    7.0  0.000E+00  9.704E+18  2.603E+18  6.512E+13  1.161E+17  0.000E+00  0.000E+00
    8.0  0.000E+00  8.553E+18  2.295E+18  5.740E+13  1.023E+17  0.000E+00  0.000E+00
    9.0  0.000E+00  7.479E+18  2.006E+18  5.019E+13  8.946E+16  0.000E+00  0.000E+00
   10.0  0.000E+00  6.484E+18  1.739E+18  4.351E+13  7.755E+16  0.000E+00  0.000E+00
   11.0  0.000E+00  5.575E+18  1.496E+18  3.741E+13  6.669E+16  0.000E+00  0.000E+00
   12.0  0.000E+00  4.766E+18  1.279E+18  3.199E+13  5.701E+16  0.000E+00  0.000E+00
   13.0  0.000E+00  4.062E+18  1.090E+18  2.726E+13  4.859E+16  0.000E+00  0.000E+00
   14.0  0.000E+00  3.460E+18  9.281E+17  2.322E+13  4.138E+16  0.000E+00  0.000E+00
   15.0  0.000E+00  2.950E+18  7.913E+17  1.979E+13  3.528E+16  0.000E+00  0.000E+00
   16.0  0.000E+00  2.521E+18  6.762E+17  1.692E+13  3.015E+16  0.000E+00  0.000E+00
   17.0  0.000E+00  2.157E+18  5.787E+17  1.448E+13  2.580E+16  0.000E+00  0.000E+00
   18.0  0.000E+00  1.846E+18  4.952E+17  1.239E+13  2.208E+16  0.000E+00  0.000E+00
   19.0  0.000E+00  1.578E+18  4.234E+17  1.059E+13  1.888E+16  0.000E+00  0.000E+00
   20.0  0.000E+00  1.346E+18  3.612E+17  9.036E+12  1.611E+16  0.000E+00  0.000E+00
   21.0  0.000E+00  1.146E+18  3.074E+17  7.690E+12  1.371E+16  0.000E+00  0.000E+00
   22.0  0.000E+00  9.731E+17  2.610E+17  6.530E+12  1.164E+16  0.000E+00  0.000E+00
   23.0  0.000E+00  8.247E+17  2.212E+17  5.534E+12  9.865E+15  0.000E+00  0.000E+00
   24.0  0.000E+00  6.979E+17  1.872E+17  4.684E+12  8.348E+15  0.000E+00  0.000E+00
   25.0  0.000E+00  5.900E+17  1.583E+17  3.959E+12  7.057E+15  0.000E+00  0.000E+00
   26.0  0.000E+00  4.983E+17  1.337E+17  3.344E+12  5.960E+15  0.000E+00  0.000E+00
   27.0  0.000E+00  4.206E+17  1.128E+17  2.823E+12  5.032E+15  0.000E+00  0.000E+00
   28.0  0.000E+00  3.550E+17  9.524E+16  2.382E+12  4.247E+15  0.000E+00  0.000E+00
   29.0  0.000E+00  2.997E+17  8.039E+16  2.011E+12  3.584E+15  0.000E+00  0.000E+00
   30.0  0.000E+00  2.530E+17  6.788E+16  1.698E+12  3.026E+15  0.000E+00  0.000E+00
   31.0  0.000E+00  2.137E+17  5.734E+16  1.434E+12  2.557E+15  0.000E+00  0.000E+00
   32.0  0.000E+00  1.807E+17  4.848E+16  1.213E+12  2.162E+15  0.000E+00  0.000E+00
   33.0  0.000E+00  1.530E+17  4.103E+16  1.026E+12  1.830E+15  0.000E+00  0.000E+00
   34.0  0.000E+00  1.298E+17  3.482E+16  8.709E+11  1.552E+15  0.000E+00  0.000E+00
   35.0  0.000E+00  1.104E+17  2.962E+16  7.409E+11  1.321E+15  0.000E+00  0.000E+00
   36.0  0.000E+00  9.417E+16  2.526E+16  6.319E+11  1.126E+15  0.000E+00  0.000E+00
   37.0  0.000E+00  8.054E+16  2.161E+16  5.405E+11  9.634E+14  0.000E+00  0.000E+00
   38.0  0.000E+00  6.908E+16  1.853E+16  4.636E+11  8.263E+14  0.000E+00  0.000E+00
   39.0  0.000E+00  5.942E+16  1.594E+16  3.988E+11  7.108E+14  0.000E+00  0.000E+00
   40.0  0.000E+00  5.126E+16  1.375E+16  3.440E+11  6.131E+14  0.000E+00  0.000E+00
   41.0  0.000E+00  4.434E+16  1.190E+16  2.976E+11  5.304E+14  0.000E+00  0.000E+00
   42.0  0.000E+00  3.847E+16  1.032E+16  2.581E+11  4.601E+14  0.000E+00  0.000E+00
   43.0  0.000E+00  3.347E+16  8.978E+15  2.246E+11  4.003E+14  0.000E+00  0.000E+00
   44.0  0.000E+00  2.920E+16  7.833E+15  1.959E+11  3.492E+14  0.000E+00  0.000E+00
   45.0  0.000E+00  2.554E+16  6.852E+15  1.714E+11  3.055E+14  0.000E+00  0.000E+00
   46.0  0.000E+00  2.240E+16  6.009E+15  1.503E+11  2.679E+14  0.000E+00  0.000E+00
   47.0  0.000E+00  1.969E+16  5.281E+15  1.321E+11  2.355E+14  0.000E+00  0.000E+00
   48.0  0.000E+00  1.733E+16  4.650E+15  1.163E+11  2.073E+14  0.000E+00  0.000E+00
   49.0  0.000E+00  1.528E+16  4.099E+15  1.025E+11  1.828E+14  0.000E+00  0.000E+00
   50.0  0.000E+00  1.348E+16  3.617E+15  9.048E+10  1.613E+14  0.000E+00  0.000E+00
   51.0  0.000E+00  1.190E+16  3.193E+15  7.988E+10  1.424E+14  0.000E+00  0.000E+00
   52.0  0.000E+00  1.051E+16  2.820E+15  7.054E+10  1.257E+14  0.000E+00  0.000E+00
   53.0  0.000E+00  9.280E+15  2.490E+15  6.228E+10  1.110E+14  0.000E+00  0.000E+00
   54.0  0.000E+00  8.189E+15  2.197E+15  5.496E+10  9.796E+13  0.000E+00  0.000E+00
   55.0  0.000E+00  7.222E+15  1.937E+15  4.847E+10  8.639E+13  0.000E+00  0.000E+00
   56.0  0.000E+00  6.363E+15  1.707E+15  4.270E+10  7.611E+13  0.000E+00  0.000E+00
   57.0  0.000E+00  5.600E+15  1.502E+15  3.758E+10  6.699E+13  0.000E+00  0.000E+00
   58.0  0.000E+00  4.923E+15  1.321E+15  3.304E+10  5.889E+13  0.000E+00  0.000E+00
   59.0  0.000E+00  4.323E+15  1.160E+15  2.901E+10  5.171E+13  0.000E+00  0.000E+00
   60.0  0.000E+00  3.791E+15  1.017E+15  2.544E+10  4.534E+13  0.000E+00  0.000E+00
   61.0  0.000E+00  3.320E+15  8.906E+14  2.228E+10  3.971E+13  0.000E+00  0.000E+00
   62.0  0.000E+00  2.903E+15  7.788E+14  1.948E+10  3.473E+13  0.000E+00  0.000E+00
   63.0  0.000E+00  2.535E+15  6.798E+14  1.703E+10  3.032E+13  0.000E+00  0.000E+00
   64.0  0.000E+00  2.211E+15  5.923E+14  1.487E+10  2.643E+13  0.000E+00  0.000E+00
   65.0  0.000E+00  1.925E+15  5.153E+14  1.297E+10  2.301E+13  0.000E+00  0.000E+00
   66.0  0.000E+00  1.674E+15  4.476E+14  1.130E+10  2.000E+13  0.000E+00  0.000E+00
   67.0  0.000E+00  1.453E+15  3.882E+14  9.827E+09  1.736E+13  0.000E+00  0.000E+00
   68.0  0.000E+00  1.260E+15  3.363E+14  8.534E+09  1.505E+13  0.000E+00  0.000E+00
   69.0  0.000E+00  1.090E+15  2.909E+14  7.400E+09  1.302E+13  0.000E+00  0.000E+00
   70.0  0.000E+00  9.426E+14  2.512E+14  6.409E+09  1.126E+13  0.000E+00  0.000E+00
   71.0  0.000E+00  8.138E+14  2.167E+14  5.542E+09  9.716E+12  0.000E+00  0.000E+00
   72.0  0.000E+00  7.017E+14  1.867E+14  4.787E+09  8.376E+12  0.000E+00  0.000E+00
   73.0  7.119E+06  6.063E+14  1.612E+14  4.145E+09  7.235E+12  4.639E-23  2.125E+04
   74.0  1.840E+07  5.223E+14  1.387E+14  3.581E+09  6.231E+12  1.472E-11  2.290E+04
   75.0  4.660E+07  4.501E+14  1.194E+14  3.096E+09  5.366E+12  3.010E-04  2.472E+04
   76.0  1.148E+08  3.878E+14  1.028E+14  2.678E+09  4.622E+12  1.146E+01  2.672E+04
   77.0  2.731E+08  3.342E+14  8.846E+13  2.318E+09  3.980E+12  7.903E+03  2.891E+04
   78.0  6.241E+08  2.879E+14  7.610E+13  2.007E+09  3.426E+12  4.350E+05  3.130E+04
   79.0  1.363E+09  2.479E+14  6.543E+13  1.739E+09  2.948E+12  4.933E+06  3.391E+04
   80.0  2.833E+09  2.133E+14  5.622E+13  1.507E+09  2.535E+12  2.094E+07  3.674E+04
   81.0  5.592E+09  1.835E+14  4.827E+13  1.306E+09  2.178E+12  4.833E+07  3.981E+04
   82.0  1.046E+10  1.577E+14  4.140E+13  1.133E+09  1.869E+12  7.653E+07  4.314E+04
   83.0  1.855E+10  1.354E+14  3.548E+13  9.834E+08  1.603E+12  9.607E+07  4.673E+04
   84.0  3.117E+10  1.162E+14  3.036E+13  8.541E+08  1.373E+12  1.045E+08  5.060E+04
   85.0  4.969E+10  9.956E+13  2.595E+13  7.425E+08  1.174E+12  1.042E+08  5.475E+04
   86.0  7.523E+10  8.522E+13  2.215E+13  6.461E+08  1.003E+12  9.845E+07  5.919E+04
   87.0  1.084E+11  7.286E+13  1.887E+13  5.630E+08  8.548E+11  9.012E+07  6.393E+04
   88.0  1.492E+11  6.220E+13  1.605E+13  4.914E+08  7.274E+11  8.100E+07  6.897E+04
   89.0  1.963E+11  5.303E+13  1.363E+13  4.298E+08  6.178E+11  7.208E+07  7.434E+04
   90.0  2.479E+11  4.514E+13  1.155E+13  3.768E+08  5.236E+11  6.384E+07  8.002E+04
   91.0  3.012E+11  3.837E+13  9.769E+12  3.313E+08  4.427E+11  5.649E+07  8.602E+04
   92.0  3.532E+11  3.255E+13  8.241E+12  2.922E+08  3.732E+11  5.003E+07  9.233E+04
   93.0  4.007E+11  2.755E+13  6.932E+12  2.586E+08  3.136E+11  4.442E+07  9.893E+04
   94.0  4.410E+11  2.326E+13  5.813E+12  2.298E+08  2.626E+11  3.957E+07  1.058E+05
   95.0  4.720E+11  1.959E+13  4.858E+12  2.051E+08  2.189E+11  3.538E+07  1.129E+05
   96.0  4.928E+11  1.645E+13  4.046E+12  1.840E+08  1.818E+11  3.178E+07  1.203E+05
   97.0  5.029E+11  1.378E+13  3.357E+12  1.660E+08  1.502E+11  2.868E+07  1.280E+05
   98.0  5.030E+11  1.151E+13  2.776E+12  1.508E+08  1.236E+11  2.599E+07  1.359E+05
   99.0  4.942E+11  9.597E+12  2.287E+12  1.379E+08  1.012E+11  2.367E+07  1.441E+05
  100.0  4.780E+11  7.981E+12  1.878E+12  1.270E+08  8.241E+10  2.164E+07  1.527E+05
  101.0  4.559E+11  6.623E+12  1.537E+12  1.178E+08  6.681E+10  1.985E+07  1.616E+05
  102.0  4.299E+11  5.489E+12  1.254E+12  1.101E+08  5.394E+10  1.828E+07  1.710E+05
  103.0  4.015E+11  4.546E+12  1.022E+12  1.038E+08  4.339E+10  1.688E+07  1.811E+05
  104.0  3.720E+11  3.765E+12  8.315E+11  9.854E+07  3.480E+10  1.563E+07  1.918E+05
  105.0  3.425E+11  3.120E+12  6.761E+11  9.426E+07  2.784E+10  1.451E+07  2.034E+05
  106.0  3.137E+11  2.587E+12  5.497E+11  9.077E+07  2.224E+10  1.348E+07  2.158E+05
  107.0  2.862E+11  2.149E+12  4.471E+11  8.793E+07  1.775E+10  1.255E+07  2.293E+05
  108.0  2.601E+11  1.788E+12  3.640E+11  8.561E+07  1.417E+10  1.169E+07  2.438E+05
  109.0  2.358E+11  1.491E+12  2.967E+11  8.370E+07  1.131E+10  1.089E+07  2.594E+05
  110.0  2.134E+11  1.246E+12  2.423E+11  8.210E+07  9.033E+09  1.015E+07  2.760E+05
  111.0  1.927E+11  1.044E+12  1.983E+11  8.071E+07  7.228E+09  9.451E+06  2.938E+05
  112.0  1.738E+11  8.775E+11  1.627E+11  7.946E+07  5.797E+09  8.800E+06  3.128E+05
  113.0  1.567E+11  7.399E+11  1.339E+11  7.830E+07  4.663E+09  8.190E+06  3.330E+05
  114.0  1.412E+11  6.261E+11  1.106E+11  7.717E+07  3.765E+09  7.618E+06  3.544E+05
  115.0  1.273E+11  5.320E+11  9.166E+10  7.604E+07  3.052E+09  7.084E+06  3.773E+05
  116.0  1.148E+11  4.539E+11  7.632E+10  7.489E+07  2.486E+09  6.585E+06  4.016E+05
  117.0  1.037E+11  3.891E+11  6.387E+10  7.371E+07  2.037E+09  6.122E+06  4.277E+05
  118.0  9.391E+10  3.353E+11  5.373E+10  7.251E+07  1.679E+09  5.693E+06  4.558E+05
  119.0  8.524E+10  2.906E+11  4.548E+10  7.129E+07  1.393E+09  5.299E+06  4.863E+05
  120.0  7.766E+10  2.535E+11  3.876E+10  7.010E+07  1.166E+09  4.939E+06  5.199E+05
  121.0  7.108E+10  2.227E+11  3.328E+10  6.897E+07  9.834E+08  4.613E+06  5.572E+05
  122.0  6.544E+10  1.972E+11  2.881E+10  6.795E+07  8.378E+08  4.322E+06  5.995E+05
  123.0  6.068E+10  1.763E+11  2.518E+10  6.709E+07  7.215E+08  4.065E+06  6.481E+05
  124.0  5.686E+10  1.594E+11  2.228E+10  6.655E+07  6.302E+08  3.846E+06  7.063E+05
  125.0  5.332E+10  1.445E+11  1.977E+10  6.592E+07  5.520E+08  3.641E+06  7.686E+05
  126.0  5.010E+10  1.314E+11  1.760E+10  6.525E+07  4.855E+08  3.450E+06  8.359E+05
  127.0  4.717E+10  1.199E+11  1.573E+10  6.456E+07  4.285E+08  3.272E+06  9.085E+05
  128.0  4.448E+10  1.096E+11  1.410E+10  6.384E+07  3.796E+08  3.106E+06  9.864E+05
  129.0  4.202E+10  1.005E+11  1.268E+10  6.310E+07  3.373E+08  2.951E+06  1.070E+06
  130.0  3.975E+10  9.238E+10  1.143E+10  6.234E+07  3.006E+08  2.806E+06  1.159E+06
  131.0  3.766E+10  8.509E+10  1.033E+10  6.158E+07  2.687E+08  2.671E+06  1.254E+06
  132.0  3.573E+10  7.853E+10  9.367E+09  6.080E+07  2.408E+08  2.544E+06  1.354E+06
  133.0  3.394E+10  7.262E+10  8.512E+09  6.003E+07  2.163E+08  2.425E+06  1.460E+06
  134.0  3.228E+10  6.728E+10  7.752E+09  5.926E+07  1.948E+08  2.314E+06  1.572E+06
  135.0  3.073E+10  6.243E+10  7.077E+09  5.849E+07  1.758E+08  2.209E+06  1.689E+06
  136.0  2.929E+10  5.802E+10  6.474E+09  5.773E+07  1.589E+08  2.111E+06  1.812E+06
  137.0  2.795E+10  5.400E+10  5.934E+09  5.698E+07  1.440E+08  2.019E+06  1.941E+06
  138.0  2.670E+10  5.033E+10  5.449E+09  5.624E+07  1.307E+08  1.932E+06  2.074E+06
  139.0  2.552E+10  4.697E+10  5.014E+09  5.551E+07  1.188E+08  1.850E+06  2.213E+06
  140.0  2.442E+10  4.388E+10  4.621E+09  5.480E+07  1.082E+08  1.774E+06  2.356E+06
  141.0  2.338E+10  4.105E+10  4.266E+09  5.410E+07  9.863E+07  1.701E+06  2.503E+06
  142.0  2.241E+10  3.844E+10  3.945E+09  5.342E+07  9.007E+07  1.633E+06  2.655E+06
  143.0  2.149E+10  3.604E+10  3.653E+09  5.275E+07  8.236E+07  1.569E+06  2.809E+06
  144.0  2.063E+10  3.381E+10  3.387E+09  5.210E+07  7.541E+07  1.509E+06  2.967E+06
  145.0  1.981E+10  3.176E+10  3.146E+09  5.146E+07  6.913E+07  1.452E+06  3.128E+06
  146.0  1.904E+10  2.985E+10  2.925E+09  5.084E+07  6.344E+07  1.399E+06  3.291E+06
  147.0  1.831E+10  2.808E+10  2.723E+09  5.024E+07  5.829E+07  1.348E+06  3.455E+06
  148.0  1.762E+10  2.644E+10  2.538E+09  4.965E+07  5.360E+07  1.300E+06  3.621E+06
  149.0  1.697E+10  2.492E+10  2.368E+09  4.908E+07  4.935E+07  1.255E+06  3.787E+06
  150.0  1.634E+10  2.349E+10  2.211E+09  4.852E+07  4.547E+07  1.213E+06  3.953E+06
  151.0  1.575E+10  2.217E+10  2.068E+09  4.798E+07  4.193E+07  1.173E+06  4.118E+06
  152.0  1.519E+10  2.093E+10  1.935E+09  4.745E+07  3.870E+07  1.135E+06  4.283E+06
  153.0  1.466E+10  1.977E+10  1.812E+09  4.694E+07  3.575E+07  1.099E+06  4.445E+06
  154.0  1.415E+10  1.869E+10  1.699E+09  4.643E+07  3.305E+07  1.066E+06  4.606E+06
  155.0  1.366E+10  1.768E+10  1.594E+09  4.594E+07  3.058E+07  1.034E+06  4.763E+06
  156.0  1.320E+10  1.673E+10  1.496E+09  4.547E+07  2.830E+07  1.004E+06  4.917E+06
  157.0  1.276E+10  1.584E+10  1.406E+09  4.500E+07  2.622E+07  9.751E+05  5.068E+06
  158.0  1.233E+10  1.500E+10  1.322E+09  4.455E+07  2.430E+07  9.481E+05  5.214E+06
  159.0  1.193E+10  1.422E+10  1.243E+09  4.411E+07  2.254E+07  9.226E+05  5.355E+06
  160.0  1.154E+10  1.348E+10  1.170E+09  4.367E+07  2.092E+07  8.984E+05  5.491E+06
  161.0  1.117E+10  1.278E+10  1.102E+09  4.325E+07  1.943E+07  8.755E+05  5.622E+06
  162.0  1.082E+10  1.212E+10  1.039E+09  4.284E+07  1.805E+07  8.538E+05  5.746E+06
  163.0  1.048E+10  1.151E+10  9.796E+08  4.244E+07  1.677E+07  8.333E+05  5.864E+06
  164.0  1.015E+10  1.093E+10  9.241E+08  4.204E+07  1.560E+07  8.138E+05  5.976E+06
  165.0  9.837E+09  1.038E+10  8.721E+08  4.166E+07  1.451E+07  7.953E+05  6.081E+06
  166.0  9.536E+09  9.867E+09  8.234E+08  4.128E+07  1.351E+07  7.778E+05  6.179E+06
  167.0  9.246E+09  9.380E+09  7.778E+08  4.091E+07  1.258E+07  7.611E+05  6.270E+06
  168.0  8.968E+09  8.920E+09  7.350E+08  4.055E+07  1.172E+07  7.453E+05  6.354E+06
  169.0  8.700E+09  8.485E+09  6.948E+08  4.020E+07  1.092E+07  7.304E+05  6.430E+06
  170.0  8.442E+09  8.073E+09  6.570E+08  3.985E+07  1.018E+07  7.161E+05  6.499E+06
  171.0  8.194E+09  7.684E+09  6.215E+08  3.951E+07  9.495E+06  7.026E+05  6.560E+06
  172.0  7.954E+09  7.315E+09  5.881E+08  3.918E+07  8.858E+06  6.897E+05  6.614E+06
  173.0  7.723E+09  6.966E+09  5.567E+08  3.885E+07  8.267E+06  6.775E+05  6.660E+06
  174.0  7.501E+09  6.635E+09  5.271E+08  3.853E+07  7.717E+06  6.658E+05  6.699E+06
  175.0  7.286E+09  6.321E+09  4.992E+08  3.822E+07  7.207E+06  6.547E+05  6.731E+06
  176.0  7.079E+09  6.023E+09  4.729E+08  3.791E+07  6.732E+06  6.442E+05  6.756E+06
  177.0  6.878E+09  5.741E+09  4.481E+08  3.760E+07  6.290E+06  6.341E+05  6.774E+06
  178.0  6.685E+09  5.473E+09  4.247E+08  3.730E+07  5.879E+06  6.246E+05  6.785E+06
  179.0  6.498E+09  5.219E+09  4.027E+08  3.701E+07  5.496E+06  6.155E+05  6.789E+06
  180.0  6.317E+09  4.977E+09  3.818E+08  3.672E+07  5.140E+06  6.068E+05  6.787E+06
  181.0  6.143E+09  4.748E+09  3.621E+08  3.644E+07  4.807E+06  5.985E+05  6.779E+06
  182.0  5.974E+09  4.530E+09  3.435E+08  3.616E+07  4.498E+06  5.906E+05  6.765E+06
  183.0  5.810E+09  4.323E+09  3.259E+08  3.588E+07  4.209E+06  5.830E+05  6.745E+06
  184.0  5.652E+09  4.126E+09  3.093E+08  3.561E+07  3.939E+06  5.758E+05  6.719E+06
  185.0  5.499E+09  3.938E+09  2.936E+08  3.534E+07  3.688E+06  5.689E+05  6.689E+06
  186.0  5.350E+09  3.760E+09  2.787E+08  3.508E+07  3.453E+06  5.623E+05  6.653E+06
  187.0  5.206E+09  3.590E+09  2.646E+08  3.482E+07  3.234E+06  5.560E+05  6.613E+06
  188.0  5.067E+09  3.428E+09  2.513E+08  3.456E+07  3.030E+06  5.500E+05  6.568E+06
  189.0  4.932E+09  3.274E+09  2.386E+08  3.431E+07  2.838E+06  5.443E+05  6.519E+06
  190.0  4.801E+09  3.128E+09  2.267E+08  3.406E+07  2.660E+06  5.388E+05  6.466E+06
  191.0  4.674E+09  2.988E+09  2.153E+08  3.382E+07  2.493E+06  5.335E+05  6.409E+06
  192.0  4.551E+09  2.855E+09  2.046E+08  3.358E+07  2.337E+06  5.285E+05  6.349E+06
  193.0  4.431E+09  2.729E+09  1.944E+08  3.334E+07  2.191E+06  5.236E+05  6.286E+06
  194.0  4.315E+09  2.608E+09  1.848E+08  3.310E+07  2.054E+06  5.190E+05  6.220E+06
  195.0  4.203E+09  2.493E+09  1.756E+08  3.287E+07  1.927E+06  5.145E+05  6.151E+06
  196.0  4.094E+09  2.383E+09  1.669E+08  3.264E+07  1.807E+06  5.103E+05  6.080E+06
  197.0  3.987E+09  2.278E+09  1.587E+08  3.241E+07  1.695E+06  5.062E+05  6.007E+06
  198.0  3.884E+09  2.178E+09  1.509E+08  3.219E+07  1.591E+06  5.023E+05  5.931E+06
  199.0  3.784E+09  2.083E+09  1.434E+08  3.196E+07  1.492E+06  4.985E+05  5.854E+06
  200.0  3.687E+09  1.992E+09  1.364E+08  3.174E+07  1.401E+06  4.949E+05  5.775E+06
  201.0  3.593E+09  1.905E+09  1.297E+08  3.151E+07  1.315E+06  4.914E+05  5.695E+06
  202.0  3.501E+09  1.822E+09  1.234E+08  3.130E+07  1.234E+06  4.880E+05  5.614E+06
  203.0  3.412E+09  1.743E+09  1.174E+08  3.109E+07  1.159E+06  4.848E+05  5.531E+06
  204.0  3.325E+09  1.667E+09  1.116E+08  3.088E+07  1.088E+06  4.817E+05  5.448E+06
  205.0  3.241E+09  1.595E+09  1.062E+08  3.067E+07  1.021E+06  4.787E+05  5.364E+06
  206.0  3.159E+09  1.526E+09  1.010E+08  3.047E+07  9.592E+05  4.759E+05  5.280E+06
  207.0  3.079E+09  1.461E+09  9.614E+07  3.026E+07  9.009E+05  4.731E+05  5.195E+06
  208.0  3.001E+09  1.398E+09  9.148E+07  3.006E+07  8.462E+05  4.704E+05  5.110E+06
  209.0  2.926E+09  1.338E+09  8.705E+07  2.987E+07  7.949E+05  4.679E+05  5.024E+06
  210.0  2.853E+09  1.280E+09  8.285E+07  2.967E+07  7.468E+05  4.654E+05  4.939E+06
  211.0  2.781E+09  1.225E+09  7.885E+07  2.947E+07  7.016E+05  4.630E+05  4.854E+06
  212.0  2.712E+09  1.173E+09  7.504E+07  2.928E+07  6.593E+05  4.607E+05  4.769E+06
  213.0  2.644E+09  1.123E+09  7.143E+07  2.909E+07  6.195E+05  4.584E+05  4.685E+06
  214.0  2.578E+09  1.075E+09  6.799E+07  2.890E+07  5.822E+05  4.563E+05  4.600E+06
  215.0  2.514E+09  1.029E+09  6.473E+07  2.871E+07  5.472E+05  4.542E+05  4.517E+06
  216.0  2.452E+09  9.855E+08  6.162E+07  2.853E+07  5.144E+05  4.521E+05  4.433E+06
  217.0  2.391E+09  9.436E+08  5.867E+07  2.835E+07  4.835E+05  4.502E+05  4.351E+06
  218.0  2.332E+09  9.036E+08  5.585E+07  2.816E+07  4.545E+05  4.483E+05  4.269E+06
  219.0  2.275E+09  8.653E+08  5.318E+07  2.798E+07  4.273E+05  4.464E+05  4.188E+06
  220.0  2.219E+09  8.287E+08  5.064E+07  2.780E+07  4.018E+05  4.447E+05  4.108E+06
  221.0  2.164E+09  7.936E+08  4.822E+07  2.763E+07  3.778E+05  4.429E+05  4.028E+06
  222.0  2.111E+09  7.601E+08  4.592E+07  2.745E+07  3.552E+05  4.412E+05  3.950E+06
  223.0  2.059E+09  7.281E+08  4.373E+07  2.728E+07  3.341E+05  4.396E+05  3.872E+06
  224.0  2.009E+09  6.974E+08  4.165E+07  2.710E+07  3.142E+05  4.380E+05  3.796E+06
  225.0  1.959E+09  6.680E+08  3.966E+07  2.693E+07  2.955E+05  4.365E+05  3.720E+06
  226.0  1.912E+09  6.399E+08  3.778E+07  2.676E+07  2.779E+05  4.350E+05  3.645E+06
  227.0  1.865E+09  6.131E+08  3.598E+07  2.659E+07  2.614E+05  4.335E+05  3.572E+06
  228.0  1.819E+09  5.873E+08  3.427E+07  2.643E+07  2.459E+05  4.321E+05  3.499E+06
  229.0  1.775E+09  5.627E+08  3.265E+07  2.626E+07  2.314E+05  4.307E+05  3.428E+06
  230.0  1.732E+09  5.391E+08  3.110E+07  2.610E+07  2.177E+05  4.294E+05  3.358E+06
  231.0  1.690E+09  5.166E+08  2.963E+07  2.593E+07  2.048E+05  4.281E+05  3.289E+06
  232.0  1.649E+09  4.950E+08  2.822E+07  2.577E+07  1.927E+05  4.268E+05  3.221E+06
  233.0  1.609E+09  4.743E+08  2.689E+07  2.561E+07  1.813E+05  4.255E+05  3.154E+06
  234.0  1.570E+09  4.545E+08  2.562E+07  2.545E+07  1.706E+05  4.243E+05  3.088E+06
  235.0  1.532E+09  4.355E+08  2.441E+07  2.529E+07  1.605E+05  4.231E+05  3.024E+06
  236.0  1.495E+09  4.174E+08  2.325E+07  2.514E+07  1.511E+05  4.220E+05  2.960E+06
  237.0  1.459E+09  4.000E+08  2.216E+07  2.498E+07  1.422E+05  4.208E+05  2.898E+06
  238.0  1.424E+09  3.833E+08  2.111E+07  2.483E+07  1.338E+05  4.197E+05  2.837E+06
  239.0  1.389E+09  3.674E+08  2.012E+07  2.467E+07  1.259E+05  4.186E+05  2.777E+06
  240.0  1.356E+09  3.521E+08  1.917E+07  2.452E+07  1.185E+05  4.175E+05  2.718E+06
  241.0  1.323E+09  3.375E+08  1.827E+07  2.437E+07  1.116E+05  4.165E+05  2.660E+06
  242.0  1.292E+09  3.235E+08  1.741E+07  2.422E+07  1.050E+05  4.154E+05  2.603E+06
  243.0  1.261E+09  3.101E+08  1.659E+07  2.407E+07  9.887E+04  4.144E+05  2.548E+06
  244.0  1.230E+09  2.972E+08  1.581E+07  2.393E+07  9.308E+04  4.134E+05  2.493E+06
  245.0  1.201E+09  2.849E+08  1.507E+07  2.378E+07  8.763E+04  4.125E+05  2.440E+06
  246.0  1.172E+09  2.731E+08  1.436E+07  2.363E+07  8.250E+04  4.115E+05  2.387E+06
  247.0  1.144E+09  2.618E+08  1.368E+07  2.349E+07  7.767E+04  4.106E+05  2.336E+06
  248.0  1.117E+09  2.510E+08  1.304E+07  2.335E+07  7.313E+04  4.097E+05  2.286E+06
  249.0  1.090E+09  2.407E+08  1.243E+07  2.320E+07  6.885E+04  4.088E+05  2.237E+06
  250.0  1.064E+09  2.307E+08  1.185E+07  2.306E+07  6.483E+04  4.079E+05  2.188E+06
  251.0  1.039E+09  2.212E+08  1.129E+07  2.292E+07  6.105E+04  4.070E+05  2.141E+06
  252.0  1.014E+09  2.121E+08  1.076E+07  2.278E+07  5.749E+04  4.061E+05  2.095E+06
  253.0  9.896E+08  2.033E+08  1.026E+07  2.265E+07  5.414E+04  4.053E+05  2.050E+06
  254.0  9.661E+08  1.950E+08  9.781E+06  2.251E+07  5.098E+04  4.044E+05  2.005E+06
  255.0  9.431E+08  1.869E+08  9.324E+06  2.237E+07  4.801E+04  4.036E+05  1.962E+06
  256.0  9.207E+08  1.793E+08  8.888E+06  2.224E+07  4.522E+04  4.028E+05  1.919E+06
  257.0  8.988E+08  1.719E+08  8.473E+06  2.210E+07  4.259E+04  4.020E+05  1.878E+06
  258.0  8.774E+08  1.648E+08  8.077E+06  2.197E+07  4.011E+04  4.012E+05  1.837E+06
  259.0  8.566E+08  1.580E+08  7.701E+06  2.184E+07  3.778E+04  4.004E+05  1.797E+06
  260.0  8.363E+08  1.516E+08  7.341E+06  2.171E+07  3.558E+04  3.996E+05  1.759E+06
  261.0  8.165E+08  1.453E+08  6.999E+06  2.157E+07  3.352E+04  3.989E+05  1.720E+06
  262.0  7.971E+08  1.394E+08  6.673E+06  2.144E+07  3.157E+04  3.981E+05  1.683E+06
  263.0  7.782E+08  1.337E+08  6.362E+06  2.132E+07  2.974E+04  3.974E+05  1.647E+06
  264.0  7.598E+08  1.282E+08  6.066E+06  2.119E+07  2.801E+04  3.966E+05  1.611E+06
  265.0  7.418E+08  1.229E+08  5.783E+06  2.106E+07  2.639E+04  3.959E+05  1.576E+06
  266.0  7.243E+08  1.179E+08  5.514E+06  2.093E+07  2.486E+04  3.952E+05  1.542E+06
  267.0  7.072E+08  1.131E+08  5.258E+06  2.081E+07  2.342E+04  3.945E+05  1.509E+06
  268.0  6.905E+08  1.085E+08  5.013E+06  2.068E+07  2.207E+04  3.937E+05  1.476E+06
  269.0  6.742E+08  1.040E+08  4.780E+06  2.056E+07  2.079E+04  3.930E+05  1.444E+06
  270.0  6.583E+08  9.978E+07  4.558E+06  2.044E+07  1.959E+04  3.923E+05  1.413E+06
  271.0  6.428E+08  9.570E+07  4.347E+06  2.031E+07  1.846E+04  3.917E+05  1.382E+06
  272.0  6.276E+08  9.179E+07  4.145E+06  2.019E+07  1.739E+04  3.910E+05  1.352E+06
  273.0  6.128E+08  8.805E+07  3.952E+06  2.007E+07  1.638E+04  3.903E+05  1.323E+06
  274.0  5.984E+08  8.446E+07  3.769E+06  1.995E+07  1.544E+04  3.896E+05  1.295E+06
  275.0  5.843E+08  8.101E+07  3.594E+06  1.983E+07  1.455E+04  3.890E+05  1.267E+06
  276.0  5.706E+08  7.771E+07  3.428E+06  1.972E+07  1.371E+04  3.883E+05  1.239E+06
  277.0  5.571E+08  7.455E+07  3.269E+06  1.960E+07  1.292E+04  3.876E+05  1.213E+06
  278.0  5.440E+08  7.151E+07  3.117E+06  1.948E+07  1.217E+04  3.870E+05  1.186E+06
  279.0  5.313E+08  6.860E+07  2.973E+06  1.937E+07  1.147E+04  3.863E+05  1.161E+06
  280.0  5.188E+08  6.581E+07  2.835E+06  1.925E+07  1.081E+04  3.857E+05  1.136E+06
  281.0  5.066E+08  6.313E+07  2.704E+06  1.914E+07  1.019E+04  3.850E+05  1.111E+06
  282.0  4.947E+08  6.057E+07  2.579E+06  1.902E+07  9.602E+03  3.844E+05  1.088E+06
  283.0  4.831E+08  5.811E+07  2.460E+06  1.891E+07  9.050E+03  3.838E+05  1.064E+06
  284.0  4.718E+08  5.575E+07  2.346E+06  1.880E+07  8.529E+03  3.831E+05  1.041E+06
  285.0  4.607E+08  5.348E+07  2.238E+06  1.869E+07  8.039E+03  3.825E+05  1.019E+06
  286.0  4.500E+08  5.131E+07  2.134E+06  1.858E+07  7.577E+03  3.819E+05  9.972E+05
  287.0  4.394E+08  4.923E+07  2.036E+06  1.847E+07  7.142E+03  3.813E+05  9.759E+05
  288.0  4.291E+08  4.723E+07  1.942E+06  1.836E+07  6.732E+03  3.807E+05  9.550E+05
  289.0  4.191E+08  4.532E+07  1.852E+06  1.825E+07  6.345E+03  3.801E+05  9.346E+05
  290.0  4.093E+08  4.348E+07  1.767E+06  1.814E+07  5.981E+03  3.795E+05  9.146E+05
  291.0  3.997E+08  4.172E+07  1.685E+06  1.803E+07  5.638E+03  3.789E+05  8.951E+05
  292.0  3.904E+08  4.003E+07  1.608E+06  1.793E+07  5.315E+03  3.782E+05  8.760E+05
  293.0  3.813E+08  3.841E+07  1.534E+06  1.782E+07  5.010E+03  3.777E+05  8.573E+05
  294.0  3.724E+08  3.685E+07  1.463E+06  1.772E+07  4.723E+03  3.771E+05  8.391E+05
  295.0  3.637E+08  3.536E+07  1.396E+06  1.761E+07  4.452E+03  3.765E+05  8.212E+05
  296.0  3.552E+08  3.393E+07  1.331E+06  1.751E+07  4.198E+03  3.759E+05  8.038E+05
  297.0  3.469E+08  3.256E+07  1.270E+06  1.740E+07  3.957E+03  3.753E+05  7.867E+05
  298.0  3.388E+08  3.125E+07  1.212E+06  1.730E+07  3.731E+03  3.747E+05  7.700E+05
  299.0  3.309E+08  2.998E+07  1.156E+06  1.720E+07  3.517E+03  3.741E+05  7.537E+05
  300.0  3.232E+08  2.877E+07  1.103E+06  1.710E+07  3.316E+03  3.735E+05  7.374E+05
  301.0  3.157E+08  2.761E+07  1.052E+06  1.700E+07  3.127E+03  3.730E+05  7.218E+05
  302.0  3.083E+08  2.650E+07  1.004E+06  1.690E+07  2.948E+03  3.724E+05  7.066E+05
  303.0  3.012E+08  2.543E+07  9.576E+05  1.680E+07  2.780E+03  3.718E+05  6.917E+05
  304.0  2.942E+08  2.440E+07  9.137E+05  1.670E+07  2.621E+03  3.712E+05  6.771E+05
  305.0  2.873E+08  2.342E+07  8.717E+05  1.660E+07  2.471E+03  3.707E+05  6.628E+05
  306.0  2.806E+08  2.247E+07  8.317E+05  1.650E+07  2.330E+03  3.701E+05  6.488E+05
  307.0  2.741E+08  2.157E+07  7.936E+05  1.641E+07  2.197E+03  3.695E+05  6.351E+05
  308.0  2.678E+08  2.070E+07  7.572E+05  1.631E+07  2.072E+03  3.690E+05  6.218E+05
  309.0  2.615E+08  1.987E+07  7.224E+05  1.622E+07  1.954E+03  3.684E+05  6.087E+05
  310.0  2.555E+08  1.907E+07  6.893E+05  1.612E+07  1.843E+03  3.679E+05  5.959E+05
  311.0  2.495E+08  1.830E+07  6.577E+05  1.603E+07  1.738E+03  3.673E+05  5.834E+05
  312.0  2.438E+08  1.756E+07  6.276E+05  1.593E+07  1.639E+03  3.667E+05  5.712E+05
  313.0  2.381E+08  1.686E+07  5.989E+05  1.584E+07  1.545E+03  3.662E+05  5.592E+05
  314.0  2.326E+08  1.618E+07  5.715E+05  1.575E+07  1.457E+03  3.656E+05  5.475E+05
  315.0  2.272E+08  1.553E+07  5.453E+05  1.565E+07  1.374E+03  3.651E+05  5.360E+05
  316.0  2.219E+08  1.491E+07  5.204E+05  1.556E+07  1.296E+03  3.645E+05  5.248E+05
  317.0  2.168E+08  1.431E+07  4.966E+05  1.547E+07  1.223E+03  3.640E+05  5.139E+05
  318.0  2.118E+08  1.373E+07  4.739E+05  1.538E+07  1.153E+03  3.634E+05  5.031E+05
  319.0  2.069E+08  1.318E+07  4.522E+05  1.529E+07  1.087E+03  3.629E+05  4.927E+05
  320.0  2.021E+08  1.265E+07  4.315E+05  1.520E+07  1.026E+03  3.624E+05  4.824E+05
  321.0  1.974E+08  1.215E+07  4.118E+05  1.511E+07  9.675E+02  3.616E+05  4.723E+05
  322.0  1.929E+08  1.166E+07  3.930E+05  1.502E+07  9.125E+02  3.611E+05  4.625E+05
  323.0  1.884E+08  1.119E+07  3.751E+05  1.494E+07  8.607E+02  3.606E+05  4.529E+05
  324.0  1.840E+08  1.074E+07  3.580E+05  1.485E+07  8.119E+02  3.600E+05  4.435E+05
  325.0  1.798E+08  1.031E+07  3.416E+05  1.476E+07  7.658E+02  3.595E+05  4.343E+05
  326.0  1.756E+08  9.900E+06  3.260E+05  1.468E+07  7.224E+02  3.590E+05  4.253E+05
  327.0  1.716E+08  9.504E+06  3.112E+05  1.459E+07  6.815E+02  3.585E+05  4.165E+05
  328.0  1.676E+08  9.123E+06  2.970E+05  1.451E+07  6.429E+02  3.579E+05  4.078E+05
  329.0  1.638E+08  8.758E+06  2.835E+05  1.442E+07  6.064E+02  3.574E+05  3.994E+05
  330.0  1.600E+08  8.408E+06  2.706E+05  1.434E+07  5.721E+02  3.569E+05  3.911E+05
  331.0  1.563E+08  8.072E+06  2.582E+05  1.426E+07  5.397E+02  3.564E+05  3.830E+05
  332.0  1.527E+08  7.749E+06  2.465E+05  1.417E+07  5.092E+02  3.558E+05  3.751E+05
  333.0  1.492E+08  7.440E+06  2.353E+05  1.409E+07  4.803E+02  3.553E+05  3.674E+05
  334.0  1.457E+08  7.143E+06  2.246E+05  1.401E+07  4.532E+02  3.548E+05  3.598E+05
  335.0  1.424E+08  6.857E+06  2.143E+05  1.393E+07  4.275E+02  3.543E+05  3.524E+05
  336.0  1.391E+08  6.584E+06  2.046E+05  1.385E+07  4.034E+02  3.538E+05  3.451E+05
  337.0  1.359E+08  6.321E+06  1.953E+05  1.377E+07  3.806E+02  3.533E+05  3.380E+05
  338.0  1.328E+08  6.069E+06  1.864E+05  1.369E+07  3.591E+02  3.527E+05  3.311E+05
  339.0  1.297E+08  5.827E+06  1.779E+05  1.361E+07  3.388E+02  3.522E+05  3.243E+05
  340.0  1.268E+08  5.595E+06  1.699E+05  1.353E+07  3.197E+02  3.517E+05  3.176E+05
  341.0  1.238E+08  5.372E+06  1.622E+05  1.345E+07  3.016E+02  3.512E+05  3.111E+05
  342.0  1.210E+08  5.158E+06  1.548E+05  1.337E+07  2.846E+02  3.507E+05  3.047E+05
  343.0  1.182E+08  4.952E+06  1.478E+05  1.329E+07  2.686E+02  3.502E+05  2.985E+05
  344.0  1.155E+08  4.755E+06  1.411E+05  1.322E+07  2.534E+02  3.497E+05  2.924E+05
  345.0  1.129E+08  4.566E+06  1.347E+05  1.314E+07  2.391E+02  3.492E+05  2.864E+05
  346.0  1.103E+08  4.384E+06  1.286E+05  1.306E+07  2.256E+02  3.487E+05  2.805E+05
  347.0  1.077E+08  4.210E+06  1.227E+05  1.299E+07  2.129E+02  3.482E+05  2.748E+05
  348.0  1.053E+08  4.042E+06  1.172E+05  1.291E+07  2.009E+02  3.476E+05  2.692E+05
  349.0  1.029E+08  3.881E+06  1.119E+05  1.284E+07  1.896E+02  3.471E+05  2.637E+05
  350.0  1.005E+08  3.727E+06  1.068E+05  1.276E+07  1.789E+02  3.466E+05  2.583E+05
  351.0  9.820E+07  3.579E+06  1.020E+05  1.269E+07  1.689E+02  3.461E+05  2.530E+05
  352.0  9.595E+07  3.437E+06  9.735E+04  1.262E+07  1.594E+02  3.456E+05  2.479E+05
  353.0  9.375E+07  3.300E+06  9.294E+04  1.254E+07  1.504E+02  3.451E+05  2.428E+05
  354.0  9.161E+07  3.169E+06  8.874E+04  1.247E+07  1.420E+02  3.446E+05  2.379E+05
  355.0  8.951E+07  3.044E+06  8.473E+04  1.240E+07  1.340E+02  3.441E+05  2.330E+05
  356.0  8.746E+07  2.923E+06  8.090E+04  1.233E+07  1.264E+02  3.436E+05  2.283E+05
  357.0  8.546E+07  2.807E+06  7.724E+04  1.226E+07  1.193E+02  3.431E+05  2.236E+05
  358.0  8.351E+07  2.696E+06  7.375E+04  1.219E+07  1.126E+02  3.426E+05  2.191E+05
  359.0  8.160E+07  2.589E+06  7.042E+04  1.212E+07  1.063E+02  3.421E+05  2.147E+05
  360.0  7.974E+07  2.486E+06  6.724E+04  1.205E+07  1.004E+02  3.417E+05  2.103E+05
  361.0  7.792E+07  2.388E+06  6.421E+04  1.198E+07  9.472E+01  3.412E+05  2.060E+05
  362.0  7.614E+07  2.293E+06  6.131E+04  1.191E+07  8.941E+01  3.407E+05  2.019E+05
  363.0  7.440E+07  2.202E+06  5.854E+04  1.184E+07  8.439E+01  3.402E+05  1.978E+05
  364.0  7.270E+07  2.115E+06  5.590E+04  1.177E+07  7.966E+01  3.397E+05  1.938E+05
  365.0  7.105E+07  2.031E+06  5.338E+04  1.170E+07  7.520E+01  3.392E+05  1.899E+05
  366.0  6.943E+07  1.951E+06  5.098E+04  1.164E+07  7.098E+01  3.387E+05  1.860E+05
  367.0  6.784E+07  1.874E+06  4.868E+04  1.157E+07  6.701E+01  3.382E+05  1.823E+05
  368.0  6.630E+07  1.800E+06  4.649E+04  1.150E+07  6.326E+01  3.377E+05  1.786E+05
  369.0  6.479E+07  1.729E+06  4.439E+04  1.144E+07  5.972E+01  3.372E+05  1.750E+05
  370.0  6.331E+07  1.660E+06  4.239E+04  1.137E+07  5.637E+01  3.368E+05  1.714E+05
  371.0  6.187E+07  1.595E+06  4.049E+04  1.131E+07  5.322E+01  3.363E+05  1.680E+05
  372.0  6.046E+07  1.532E+06  3.866E+04  1.124E+07  5.024E+01  3.358E+05  1.646E+05
  373.0  5.909E+07  1.471E+06  3.692E+04  1.118E+07  4.743E+01  3.353E+05  1.613E+05
  374.0  5.774E+07  1.413E+06  3.526E+04  1.111E+07  4.478E+01  3.348E+05  1.580E+05
  375.0  5.643E+07  1.358E+06  3.368E+04  1.105E+07  4.228E+01  3.343E+05  1.549E+05
  376.0  5.515E+07  1.304E+06  3.217E+04  1.099E+07  3.992E+01  3.339E+05  1.517E+05
  377.0  5.389E+07  1.253E+06  3.072E+04  1.092E+07  3.769E+01  3.334E+05  1.487E+05
  378.0  5.267E+07  1.203E+06  2.934E+04  1.086E+07  3.559E+01  3.329E+05  1.457E+05
  379.0  5.147E+07  1.156E+06  2.802E+04  1.080E+07  3.360E+01  3.324E+05  1.428E+05
  380.0  5.030E+07  1.110E+06  2.677E+04  1.074E+07  3.172E+01  3.319E+05  1.399E+05
  381.0  4.916E+07  1.067E+06  2.556E+04  1.067E+07  2.995E+01  3.315E+05  1.371E+05
  382.0  4.805E+07  1.025E+06  2.442E+04  1.061E+07  2.828E+01  3.310E+05  1.343E+05
  383.0  4.696E+07  9.842E+05  2.332E+04  1.055E+07  2.671E+01  3.305E+05  1.317E+05
  384.0  4.589E+07  9.455E+05  2.228E+04  1.049E+07  2.522E+01  3.300E+05  1.290E+05
  385.0  4.485E+07  9.083E+05  2.128E+04  1.043E+07  2.381E+01  3.296E+05  1.264E+05
  386.0  4.384E+07  8.726E+05  2.032E+04  1.037E+07  2.249E+01  3.291E+05  1.239E+05
  387.0  4.284E+07  8.383E+05  1.941E+04  1.031E+07  2.124E+01  3.286E+05  1.214E+05
  388.0  4.187E+07  8.053E+05  1.854E+04  1.025E+07  2.005E+01  3.282E+05  1.190E+05
  389.0  4.092E+07  7.737E+05  1.771E+04  1.020E+07  1.894E+01  3.277E+05  1.166E+05
  390.0  4.000E+07  7.433E+05  1.692E+04  1.014E+07  1.788E+01  3.272E+05  1.143E+05
  391.0  3.909E+07  7.141E+05  1.616E+04  1.008E+07  1.689E+01  3.268E+05  1.120E+05
  392.0  3.821E+07  6.861E+05  1.544E+04  1.002E+07  1.595E+01  3.263E+05  1.098E+05
  393.0  3.734E+07  6.592E+05  1.475E+04  9.965E+06  1.506E+01  3.258E+05  1.076E+05
  394.0  3.650E+07  6.333E+05  1.409E+04  9.909E+06  1.423E+01  3.254E+05  1.054E+05
  395.0  3.567E+07  6.085E+05  1.346E+04  9.852E+06  1.344E+01  3.249E+05  1.033E+05
  396.0  3.487E+07  5.846E+05  1.286E+04  9.796E+06  1.269E+01  3.244E+05  1.013E+05
  397.0  3.408E+07  5.617E+05  1.229E+04  9.740E+06  1.198E+01  3.240E+05  9.925E+04
  398.0  3.331E+07  5.397E+05  1.174E+04  9.685E+06  1.132E+01  3.235E+05  9.728E+04
  399.0  3.256E+07  5.185E+05  1.121E+04  9.630E+06  1.069E+01  3.230E+05  9.534E+04
  400.0  3.182E+07  4.982E+05  1.071E+04  9.575E+06  1.010E+01  3.226E+05  9.345E+04
  401.0  3.111E+07  4.787E+05  1.023E+04  9.520E+06  9.538E+00  3.221E+05  9.159E+04
  402.0  3.040E+07  4.600E+05  9.778E+03  9.466E+06  9.009E+00  3.217E+05  8.977E+04
  403.0  2.972E+07  4.420E+05  9.342E+03  9.412E+06  8.510E+00  3.212E+05  8.798E+04
  404.0  2.905E+07  4.247E+05  8.925E+03  9.359E+06  8.039E+00  3.207E+05  8.624E+04
  405.0  2.839E+07  4.081E+05  8.528E+03  9.306E+06  7.593E+00  3.203E+05  8.452E+04
  406.0  2.775E+07  3.921E+05  8.148E+03  9.253E+06  7.173E+00  3.198E+05  8.285E+04
  407.0  2.713E+07  3.768E+05  7.785E+03  9.200E+06  6.776E+00  3.194E+05  8.120E+04
  408.0  2.652E+07  3.621E+05  7.438E+03  9.148E+06  6.401E+00  3.189E+05  7.959E+04
  409.0  2.592E+07  3.479E+05  7.107E+03  9.096E+06  6.046E+00  3.185E+05  7.802E+04
  410.0  2.534E+07  3.344E+05  6.791E+03  9.044E+06  5.712E+00  3.180E+05  7.647E+04
  411.0  2.477E+07  3.213E+05  6.489E+03  8.993E+06  5.396E+00  3.176E+05  7.496E+04
  412.0  2.421E+07  3.088E+05  6.200E+03  8.942E+06  5.098E+00  3.171E+05  7.347E+04
  413.0  2.367E+07  2.967E+05  5.924E+03  8.891E+06  4.816E+00  3.167E+05  7.202E+04
  414.0  2.313E+07  2.851E+05  5.661E+03  8.841E+06  4.550E+00  3.162E+05  7.059E+04
  415.0  2.261E+07  2.740E+05  5.409E+03  8.791E+06  4.299E+00  3.158E+05  6.920E+04
  416.0  2.211E+07  2.633E+05  5.169E+03  8.741E+06  4.061E+00  3.153E+05  6.783E+04
  417.0  2.161E+07  2.531E+05  4.940E+03  8.692E+06  3.837E+00  3.149E+05  6.649E+04
  418.0  2.112E+07  2.432E+05  4.720E+03  8.642E+06  3.625E+00  3.144E+05  6.518E+04
  419.0  2.065E+07  2.337E+05  4.511E+03  8.594E+06  3.425E+00  3.140E+05  6.389E+04
  420.0  2.019E+07  2.246E+05  4.311E+03  8.545E+06  3.236E+00  3.135E+05  6.263E+04
  421.0  1.973E+07  2.159E+05  4.119E+03  8.497E+06  3.058E+00  3.131E+05  6.139E+04
  422.0  1.929E+07  2.075E+05  3.937E+03  8.449E+06  2.889E+00  3.126E+05  6.018E+04
  423.0  1.886E+07  1.994E+05  3.762E+03  8.401E+06  2.730E+00  3.122E+05  5.899E+04
  424.0  1.844E+07  1.917E+05  3.595E+03  8.353E+06  2.580E+00  3.118E+05  5.783E+04
  425.0  1.802E+07  1.842E+05  3.436E+03  8.306E+06  2.438E+00  3.113E+05  5.669E+04
  426.0  1.762E+07  1.771E+05  3.284E+03  8.259E+06  2.303E+00  3.109E+05  5.558E+04
  427.0  1.722E+07  1.702E+05  3.138E+03  8.213E+06  2.177E+00  3.104E+05  5.448E+04
  428.0  1.684E+07  1.636E+05  3.000E+03  8.166E+06  2.057E+00  3.100E+05  5.341E+04
  429.0  1.646E+07  1.572E+05  2.867E+03  8.120E+06  1.944E+00  3.096E+05  5.236E+04
  430.0  1.609E+07  1.511E+05  2.740E+03  8.074E+06  1.837E+00  3.091E+05  5.133E+04
  431.0  1.573E+07  1.452E+05  2.619E+03  8.029E+06  1.736E+00  3.087E+05  5.032E+04
  432.0  1.538E+07  1.396E+05  2.503E+03  7.984E+06  1.640E+00  3.082E+05  4.933E+04
  433.0  1.504E+07  1.342E+05  2.392E+03  7.939E+06  1.550E+00  3.078E+05  4.836E+04
  434.0  1.470E+07  1.290E+05  2.287E+03  7.894E+06  1.465E+00  3.074E+05  4.741E+04
  435.0  1.437E+07  1.240E+05  2.186E+03  7.849E+06  1.385E+00  3.069E+05  4.648E+04
  436.0  1.405E+07  1.192E+05  2.089E+03  7.805E+06  1.309E+00  3.065E+05  4.557E+04
  437.0  1.374E+07  1.146E+05  1.997E+03  7.761E+06  1.237E+00  3.061E+05  4.468E+04
  438.0  1.343E+07  1.101E+05  1.909E+03  7.718E+06  1.169E+00  3.056E+05  4.380E+04
  439.0  1.313E+07  1.059E+05  1.824E+03  7.674E+06  1.105E+00  3.052E+05  4.294E+04
  440.0  1.284E+07  1.018E+05  1.744E+03  7.631E+06  1.044E+00  3.048E+05  4.210E+04
  441.0  1.255E+07  9.783E+04  1.667E+03  7.588E+06  9.869E-01  3.044E+05  4.128E+04
  442.0  1.227E+07  9.404E+04  1.593E+03  7.545E+06  9.328E-01  3.039E+05  4.047E+04
  443.0  1.200E+07  9.040E+04  1.523E+03  7.503E+06  8.817E-01  3.035E+05  3.968E+04
  444.0  1.173E+07  8.691E+04  1.456E+03  7.461E+06  8.334E-01  3.031E+05  3.890E+04
  445.0  1.147E+07  8.355E+04  1.392E+03  7.419E+06  7.878E-01  3.026E+05  3.814E+04
  446.0  1.122E+07  8.032E+04  1.331E+03  7.377E+06  7.447E-01  3.022E+05  3.739E+04
  447.0  1.097E+07  7.722E+04  1.272E+03  7.336E+06  7.039E-01  3.018E+05  3.666E+04
  448.0  1.072E+07  7.423E+04  1.216E+03  7.295E+06  6.654E-01  3.014E+05  3.595E+04
  449.0  1.048E+07  7.137E+04  1.163E+03  7.254E+06  6.290E-01  3.009E+05  3.524E+04
  450.0  1.025E+07  6.861E+04  1.111E+03  7.213E+06  5.946E-01  3.005E+05  3.456E+04
  451.0  1.002E+07  6.597E+04  1.063E+03  7.173E+06  5.621E-01  3.001E+05  3.383E+04
  452.0  9.799E+06  6.342E+04  1.016E+03  7.132E+06  5.314E-01  2.997E+05  3.317E+04
  453.0  9.582E+06  6.097E+04  9.712E+02  7.093E+06  5.023E-01  2.993E+05  3.252E+04
  454.0  9.369E+06  5.862E+04  9.285E+02  7.053E+06  4.749E-01  2.988E+05  3.189E+04
  455.0  9.161E+06  5.636E+04  8.877E+02  7.013E+06  4.490E-01  2.984E+05  3.127E+04
  456.0  8.957E+06  5.419E+04  8.487E+02  6.974E+06  4.245E-01  2.980E+05  3.066E+04
  457.0  8.758E+06  5.210E+04  8.115E+02  6.935E+06  4.013E-01  2.976E+05  3.006E+04
  458.0  8.564E+06  5.010E+04  7.759E+02  6.896E+06  3.794E-01  2.972E+05  2.948E+04
  459.0  8.374E+06  4.817E+04  7.418E+02  6.858E+06  3.587E-01  2.967E+05  2.891E+04
  460.0  8.188E+06  4.632E+04  7.093E+02  6.819E+06  3.391E-01  2.963E+05  2.835E+04
  461.0  8.007E+06  4.453E+04  6.782E+02  6.781E+06  3.207E-01  2.959E+05  2.779E+04
  462.0  7.829E+06  4.282E+04  6.484E+02  6.743E+06  3.032E-01  2.955E+05  2.725E+04
  463.0  7.656E+06  4.117E+04  6.200E+02  6.706E+06  2.867E-01  2.951E+05  2.673E+04
  464.0  7.486E+06  3.959E+04  5.929E+02  6.668E+06  2.711E-01  2.947E+05  2.621E+04
  465.0  7.320E+06  3.807E+04  5.669E+02  6.631E+06  2.563E-01  2.943E+05  2.570E+04
  466.0  7.158E+06  3.661E+04  5.421E+02  6.594E+06  2.423E-01  2.939E+05  2.520E+04
  467.0  7.000E+06  3.520E+04  5.183E+02  6.557E+06  2.292E-01  2.934E+05  2.471E+04
  468.0  6.845E+06  3.385E+04  4.956E+02  6.521E+06  2.167E-01  2.930E+05  2.423E+04
  469.0  6.694E+06  3.255E+04  4.740E+02  6.484E+06  2.049E-01  2.926E+05  2.376E+04
  470.0  6.545E+06  3.130E+04  4.532E+02  6.448E+06  1.938E-01  2.922E+05  2.330E+04
  471.0  6.401E+06  3.010E+04  4.334E+02  6.412E+06  1.832E-01  2.918E+05  2.285E+04
  472.0  6.259E+06  2.894E+04  4.145E+02  6.376E+06  1.733E-01  2.914E+05  2.241E+04
  473.0  6.121E+06  2.783E+04  3.963E+02  6.341E+06  1.639E-01  2.910E+05  2.197E+04
  474.0  5.986E+06  2.677E+04  3.790E+02  6.306E+06  1.550E-01  2.906E+05  2.155E+04
  475.0  5.854E+06  2.574E+04  3.625E+02  6.270E+06  1.465E-01  2.902E+05  2.113E+04
  476.0  5.724E+06  2.475E+04  3.466E+02  6.236E+06  1.386E-01  2.898E+05  2.072E+04
  477.0  5.598E+06  2.381E+04  3.315E+02  6.201E+06  1.311E-01  2.894E+05  2.032E+04
  478.0  5.475E+06  2.290E+04  3.170E+02  6.166E+06  1.240E-01  2.890E+05  1.993E+04
  479.0  5.354E+06  2.202E+04  3.032E+02  6.132E+06  1.172E-01  2.886E+05  1.954E+04
  480.0  5.236E+06  2.118E+04  2.900E+02  6.098E+06  1.109E-01  2.882E+05  1.917E+04
  481.0  5.120E+06  2.037E+04  2.773E+02  6.064E+06  1.049E-01  2.878E+05  1.880E+04
  482.0  5.007E+06  1.959E+04  2.653E+02  6.030E+06  9.919E-02  2.874E+05  1.843E+04
  483.0  4.897E+06  1.884E+04  2.537E+02  5.997E+06  9.381E-02  2.870E+05  1.808E+04
  484.0  4.789E+06  1.812E+04  2.426E+02  5.964E+06  8.873E-02  2.866E+05  1.773E+04
  485.0  4.684E+06  1.743E+04  2.321E+02  5.930E+06  8.393E-02  2.862E+05  1.739E+04
  486.0  4.581E+06  1.676E+04  2.220E+02  5.898E+06  7.939E-02  2.858E+05  1.705E+04
  487.0  4.480E+06  1.612E+04  2.123E+02  5.865E+06  7.509E-02  2.854E+05  1.672E+04
  488.0  4.381E+06  1.550E+04  2.031E+02  5.832E+06  7.103E-02  2.850E+05  1.640E+04
  489.0  4.285E+06  1.491E+04  1.942E+02  5.800E+06  6.719E-02  2.846E+05  1.608E+04
  490.0  4.191E+06  1.434E+04  1.858E+02  5.768E+06  6.355E-02  2.842E+05  1.577E+04
  491.0  4.099E+06  1.380E+04  1.777E+02  5.736E+06  6.012E-02  2.838E+05  1.547E+04
  492.0  4.009E+06  1.327E+04  1.700E+02  5.704E+06  5.687E-02  2.834E+05  1.517E+04
  493.0  3.921E+06  1.276E+04  1.626E+02  5.673E+06  5.380E-02  2.830E+05  1.488E+04
  494.0  3.834E+06  1.228E+04  1.555E+02  5.641E+06  5.089E-02  2.826E+05  1.459E+04
  495.0  3.750E+06  1.181E+04  1.488E+02  5.610E+06  4.815E-02  2.822E+05  1.431E+04
  496.0  3.668E+06  1.136E+04  1.423E+02  5.579E+06  4.555E-02  2.818E+05  1.404E+04
  497.0  3.587E+06  1.093E+04  1.361E+02  5.548E+06  4.309E-02  2.814E+05  1.377E+04
  498.0  3.509E+06  1.051E+04  1.302E+02  5.517E+06  4.076E-02  2.810E+05  1.350E+04
  499.0  3.432E+06  1.011E+04  1.246E+02  5.487E+06  3.857E-02  2.807E+05  1.324E+04
  500.0  3.357E+06  9.726E+03  1.192E+02  5.456E+06  3.649E-02  2.803E+05  1.299E+04
  501.0  3.283E+06  9.356E+03  1.140E+02  5.426E+06  3.452E-02  2.799E+05  1.274E+04
  502.0  3.211E+06  9.001E+03  1.091E+02  5.396E+06  3.266E-02  2.795E+05  1.250E+04
  503.0  3.141E+06  8.658E+03  1.043E+02  5.367E+06  3.090E-02  2.791E+05  1.226E+04
  504.0  3.072E+06  8.329E+03  9.983E+01  5.337E+06  2.924E-02  2.787E+05  1.202E+04
  505.0  3.005E+06  8.013E+03  9.551E+01  5.307E+06  2.766E-02  2.783E+05  1.179E+04
  506.0  2.939E+06  7.708E+03  9.137E+01  5.278E+06  2.617E-02  2.779E+05  1.156E+04
  507.0  2.875E+06  7.416E+03  8.742E+01  5.249E+06  2.477E-02  2.776E+05  1.134E+04
  508.0  2.812E+06  7.134E+03  8.363E+01  5.220E+06  2.343E-02  2.772E+05  1.112E+04
  509.0  2.750E+06  6.863E+03  8.002E+01  5.191E+06  2.217E-02  2.768E+05  1.091E+04
  510.0  2.690E+06  6.603E+03  7.656E+01  5.163E+06  2.098E-02  2.764E+05  1.070E+04
  511.0  2.631E+06  6.353E+03  7.325E+01  5.134E+06  1.985E-02  2.760E+05  1.050E+04
  512.0  2.574E+06  6.112E+03  7.008E+01  5.106E+06  1.879E-02  2.757E+05  1.030E+04
  513.0  2.518E+06  5.880E+03  6.705E+01  5.078E+06  1.778E-02  2.753E+05  1.010E+04
  514.0  2.463E+06  5.657E+03  6.416E+01  5.050E+06  1.682E-02  2.749E+05  9.906E+03
  515.0  2.409E+06  5.443E+03  6.139E+01  5.022E+06  1.592E-02  2.745E+05  9.717E+03
  516.0  2.356E+06  5.237E+03  5.874E+01  4.995E+06  1.507E-02  2.741E+05  9.531E+03
  517.0  2.305E+06  5.038E+03  5.620E+01  4.967E+06  1.426E-02  2.738E+05  9.349E+03
  518.0  2.255E+06  4.848E+03  5.378E+01  4.940E+06  1.349E-02  2.734E+05  9.170E+03
  519.0  2.205E+06  4.664E+03  5.146E+01  4.913E+06  1.277E-02  2.730E+05  8.995E+03
  520.0  2.157E+06  4.488E+03  4.924E+01  4.886E+06  1.208E-02  2.726E+05  8.823E+03
  521.0  2.110E+06  4.318E+03  4.712E+01  4.859E+06  1.144E-02  2.723E+05  8.655E+03
  522.0  2.064E+06  4.155E+03  4.508E+01  4.832E+06  1.082E-02  2.719E+05  8.490E+03
  523.0  2.019E+06  3.998E+03  4.314E+01  4.806E+06  1.024E-02  2.715E+05  8.328E+03
  524.0  1.975E+06  3.847E+03  4.128E+01  4.779E+06  9.696E-03  2.711E+05  8.169E+03
  525.0  1.932E+06  3.701E+03  3.951E+01  4.753E+06  9.177E-03  2.708E+05  8.013E+03
  526.0  1.890E+06  3.561E+03  3.781E+01  4.727E+06  8.686E-03  2.704E+05  7.860E+03
  527.0  1.849E+06  3.427E+03  3.618E+01  4.701E+06  8.221E-03  2.700E+05  7.710E+03
  528.0  1.809E+06  3.298E+03  3.462E+01  4.675E+06  7.781E-03  2.696E+05  7.563E+03
  529.0  1.770E+06  3.173E+03  3.313E+01  4.650E+06  7.365E-03  2.693E+05  7.419E+03
  530.0  1.731E+06  3.053E+03  3.171E+01  4.624E+06  6.972E-03  2.689E+05  7.278E+03
  531.0  1.694E+06  2.938E+03  3.035E+01  4.599E+06  6.599E-03  2.685E+05  7.139E+03
  532.0  1.657E+06  2.827E+03  2.904E+01  4.574E+06  6.246E-03  2.682E+05  7.004E+03
  533.0  1.621E+06  2.721E+03  2.779E+01  4.549E+06  5.913E-03  2.678E+05  6.870E+03
  534.0  1.586E+06  2.618E+03  2.660E+01  4.524E+06  5.597E-03  2.674E+05  6.740E+03
  535.0  1.551E+06  2.520E+03  2.546E+01  4.499E+06  5.298E-03  2.671E+05  6.611E+03
  536.0  1.518E+06  2.425E+03  2.437E+01  4.474E+06  5.016E-03  2.667E+05  6.486E+03
  537.0  1.485E+06  2.334E+03  2.332E+01  4.450E+06  4.748E-03  2.663E+05  6.362E+03
  538.0  1.453E+06  2.246E+03  2.232E+01  4.426E+06  4.495E-03  2.660E+05  6.242E+03
  539.0  1.421E+06  2.161E+03  2.136E+01  4.401E+06  4.255E-03  2.656E+05  6.123E+03
  540.0  1.390E+06  2.080E+03  2.045E+01  4.377E+06  4.028E-03  2.652E+05  6.007E+03
  541.0  1.360E+06  2.002E+03  1.957E+01  4.353E+06  3.814E-03  2.649E+05  5.893E+03
  542.0  1.331E+06  1.926E+03  1.873E+01  4.330E+06  3.610E-03  2.645E+05  5.781E+03
  543.0  1.302E+06  1.854E+03  1.793E+01  4.306E+06  3.418E-03  2.642E+05  5.671E+03
  544.0  1.274E+06  1.784E+03  1.716E+01  4.283E+06  3.236E-03  2.638E+05  5.564E+03
  545.0  1.246E+06  1.717E+03  1.643E+01  4.259E+06  3.064E-03  2.634E+05  5.458E+03
  546.0  1.219E+06  1.653E+03  1.572E+01  4.236E+06  2.901E-03  2.631E+05  5.355E+03
  547.0  1.193E+06  1.591E+03  1.505E+01  4.213E+06  2.746E-03  2.627E+05  5.253E+03
  548.0  1.167E+06  1.531E+03  1.441E+01  4.190E+06  2.600E-03  2.624E+05  5.154E+03
  549.0  1.142E+06  1.474E+03  1.379E+01  4.167E+06  2.462E-03  2.620E+05  5.056E+03
  550.0  1.117E+06  1.418E+03  1.320E+01  4.144E+06  2.331E-03  2.616E+05  4.960E+03
  551.0  1.093E+06  1.365E+03  1.264E+01  4.122E+06  2.207E-03  2.613E+05  4.866E+03
  552.0  1.069E+06  1.314E+03  1.210E+01  4.099E+06  2.090E-03  2.609E+05  4.774E+03
  553.0  1.046E+06  1.265E+03  1.158E+01  4.077E+06  1.979E-03  2.606E+05  4.684E+03
  554.0  1.024E+06  1.217E+03  1.108E+01  4.055E+06  1.874E-03  2.602E+05  4.595E+03
  555.0  1.002E+06  1.172E+03  1.061E+01  4.033E+06  1.775E-03  2.599E+05  4.508E+03
  556.0  9.799E+05  1.128E+03  1.016E+01  4.011E+06  1.680E-03  2.595E+05  4.423E+03
  557.0  9.588E+05  1.086E+03  9.725E+00  3.989E+06  1.591E-03  2.592E+05  4.340E+03
  558.0  9.381E+05  1.045E+03  9.310E+00  3.967E+06  1.507E-03  2.588E+05  4.258E+03
  559.0  9.179E+05  1.006E+03  8.913E+00  3.946E+06  1.427E-03  2.585E+05  4.177E+03
  560.0  8.981E+05  9.682E+02  8.533E+00  3.924E+06  1.351E-03  2.581E+05  4.098E+03
  561.0  8.788E+05  9.320E+02  8.170E+00  3.903E+06  1.280E-03  2.577E+05  4.021E+03
  562.0  8.599E+05  8.972E+02  7.821E+00  3.882E+06  1.212E-03  2.574E+05  3.945E+03
  563.0  8.413E+05  8.637E+02  7.488E+00  3.861E+06  1.148E-03  2.570E+05  3.871E+03
  564.0  8.232E+05  8.314E+02  7.169E+00  3.840E+06  1.087E-03  2.567E+05  3.798E+03
  565.0  8.055E+05  8.003E+02  6.864E+00  3.819E+06  1.029E-03  2.563E+05  3.726E+03
  566.0  7.882E+05  7.704E+02  6.572E+00  3.798E+06  9.749E-04  2.560E+05  3.656E+03
  567.0  7.712E+05  7.417E+02  6.292E+00  3.778E+06  9.234E-04  2.557E+05  3.587E+03
  568.0  7.547E+05  7.140E+02  6.025E+00  3.757E+06  8.745E-04  2.553E+05  3.519E+03
  569.0  7.384E+05  6.874E+02  5.768E+00  3.737E+06  8.283E-04  2.550E+05  3.453E+03
  570.0  7.226E+05  6.617E+02  5.523E+00  3.717E+06  7.845E-04  2.546E+05  3.388E+03
  571.0  7.070E+05  6.370E+02  5.288E+00  3.697E+06  7.431E-04  2.543E+05  3.324E+03
  572.0  6.919E+05  6.133E+02  5.064E+00  3.677E+06  7.038E-04  2.539E+05  3.262E+03
  573.0  6.770E+05  5.904E+02  4.849E+00  3.657E+06  6.666E-04  2.536E+05  3.200E+03
  574.0  6.625E+05  5.684E+02  4.643E+00  3.637E+06  6.314E-04  2.532E+05  3.140E+03
  575.0  6.483E+05  5.473E+02  4.446E+00  3.617E+06  5.981E-04  2.529E+05  3.081E+03
  576.0  6.344E+05  5.269E+02  4.257E+00  3.598E+06  5.665E-04  2.526E+05  3.023E+03
  577.0  6.207E+05  5.073E+02  4.076E+00  3.578E+06  5.367E-04  2.522E+05  2.966E+03
  578.0  6.074E+05  4.884E+02  3.903E+00  3.559E+06  5.084E-04  2.519E+05  2.911E+03
  579.0  5.944E+05  4.702E+02  3.738E+00  3.540E+06  4.816E-04  2.515E+05  2.856E+03
  580.0  5.817E+05  4.527E+02  3.579E+00  3.521E+06  4.562E-04  2.512E+05  2.802E+03
  581.0  5.692E+05  4.359E+02  3.428E+00  3.502E+06  4.321E-04  2.508E+05  2.750E+03
  582.0  5.570E+05  4.197E+02  3.282E+00  3.483E+06  4.094E-04  2.505E+05  2.698E+03
  583.0  5.451E+05  4.041E+02  3.143E+00  3.464E+06  3.878E-04  2.502E+05  2.648E+03
  584.0  5.334E+05  3.891E+02  3.010E+00  3.445E+06  3.674E-04  2.498E+05  2.598E+03
  585.0  5.220E+05  3.746E+02  2.883E+00  3.427E+06  3.480E-04  2.495E+05  2.549E+03
  586.0  5.109E+05  3.607E+02  2.761E+00  3.408E+06  3.297E-04  2.492E+05  2.502E+03
  587.0  4.999E+05  3.473E+02  2.644E+00  3.390E+06  3.124E-04  2.488E+05  2.455E+03
  588.0  4.893E+05  3.344E+02  2.532E+00  3.371E+06  2.960E-04  2.485E+05  2.409E+03
  589.0  4.788E+05  3.220E+02  2.425E+00  3.353E+06  2.804E-04  2.481E+05  2.364E+03
  590.0  4.686E+05  3.101E+02  2.323E+00  3.335E+06  2.657E-04  2.478E+05  2.319E+03
  591.0  4.586E+05  2.986E+02  2.224E+00  3.317E+06  2.517E-04  2.475E+05  2.276E+03
  592.0  4.488E+05  2.875E+02  2.130E+00  3.299E+06  2.385E-04  2.471E+05  2.233E+03
  593.0  4.392E+05  2.769E+02  2.040E+00  3.282E+06  2.260E-04  2.468E+05  2.192E+03
  594.0  4.298E+05  2.666E+02  1.954E+00  3.264E+06  2.141E-04  2.465E+05  2.151E+03
  595.0  4.206E+05  2.567E+02  1.872E+00  3.247E+06  2.029E-04  2.461E+05  2.110E+03
  596.0  4.117E+05  2.472E+02  1.793E+00  3.229E+06  1.922E-04  2.458E+05  2.071E+03
  597.0  4.029E+05  2.381E+02  1.717E+00  3.212E+06  1.821E-04  2.455E+05  2.032E+03
  598.0  3.943E+05  2.293E+02  1.645E+00  3.194E+06  1.726E-04  2.452E+05  1.994E+03
  599.0  3.859E+05  2.208E+02  1.575E+00  3.177E+06  1.635E-04  2.448E+05  1.957E+03
  600.0  3.777E+05  2.126E+02  1.509E+00  3.160E+06  1.550E-04  2.445E+05  1.921E+03
  601.0  3.696E+05  2.048E+02  1.445E+00  3.143E+06  1.468E-04  2.442E+05  1.885E+03
  602.0  3.618E+05  1.972E+02  1.384E+00  3.126E+06  1.391E-04  2.438E+05  1.850E+03
  603.0  3.541E+05  1.899E+02  1.326E+00  3.110E+06  1.319E-04  2.435E+05  1.815E+03
  604.0  3.465E+05  1.829E+02  1.270E+00  3.093E+06  1.250E-04  2.432E+05  1.781E+03
  605.0  3.392E+05  1.761E+02  1.217E+00  3.076E+06  1.184E-04  2.429E+05  1.748E+03
  606.0  3.319E+05  1.696E+02  1.166E+00  3.060E+06  1.122E-04  2.425E+05  1.715E+03
  607.0  3.249E+05  1.634E+02  1.117E+00  3.043E+06  1.063E-04  2.422E+05  1.683E+03
  608.0  3.180E+05  1.573E+02  1.070E+00  3.027E+06  1.008E-04  2.419E+05  1.652E+03
  609.0  3.112E+05  1.515E+02  1.025E+00  3.011E+06  9.551E-05  2.416E+05  1.621E+03
  610.0  3.046E+05  1.459E+02  9.815E-01  2.995E+06  9.052E-05  2.412E+05  1.591E+03
  611.0  2.981E+05  1.406E+02  9.403E-01  2.979E+06  8.579E-05  2.409E+05  1.562E+03
  612.0  2.918E+05  1.354E+02  9.008E-01  2.963E+06  8.131E-05  2.406E+05  1.532E+03
  613.0  2.856E+05  1.304E+02  8.630E-01  2.947E+06  7.706E-05  2.403E+05  1.504E+03
  614.0  2.796E+05  1.256E+02  8.267E-01  2.931E+06  7.304E-05  2.399E+05  1.476E+03
  615.0  2.736E+05  1.210E+02  7.920E-01  2.916E+06  6.923E-05  2.396E+05  1.449E+03
  616.0  2.678E+05  1.165E+02  7.588E-01  2.900E+06  6.561E-05  2.393E+05  1.422E+03
  617.0  2.621E+05  1.122E+02  7.269E-01  2.885E+06  6.219E-05  2.390E+05  1.395E+03
  618.0  2.566E+05  1.081E+02  6.964E-01  2.869E+06  5.895E-05  2.387E+05  1.369E+03
  619.0  2.511E+05  1.041E+02  6.672E-01  2.854E+06  5.587E-05  2.383E+05  1.344E+03
  620.0  2.458E+05  1.003E+02  6.393E-01  2.839E+06  5.296E-05  2.380E+05  1.319E+03
  621.0  2.406E+05  9.660E+01  6.125E-01  2.823E+06  5.020E-05  2.377E+05  1.294E+03
  622.0  2.355E+05  9.305E+01  5.868E-01  2.808E+06  4.759E-05  2.374E+05  1.270E+03
  623.0  2.305E+05  8.963E+01  5.622E-01  2.793E+06  4.511E-05  2.371E+05  1.247E+03
  624.0  2.257E+05  8.633E+01  5.387E-01  2.778E+06  4.276E-05  2.368E+05  1.224E+03
  625.0  2.209E+05  8.316E+01  5.161E-01  2.764E+06  4.053E-05  2.364E+05  1.201E+03
  626.0  2.162E+05  8.011E+01  4.945E-01  2.749E+06  3.843E-05  2.361E+05  1.179E+03
  627.0  2.116E+05  7.717E+01  4.739E-01  2.734E+06  3.643E-05  2.358E+05  1.157E+03
  628.0  2.072E+05  7.434E+01  4.540E-01  2.720E+06  3.453E-05  2.355E+05  1.136E+03
  629.0  2.028E+05  7.161E+01  4.350E-01  2.705E+06  3.274E-05  2.352E+05  1.115E+03
  630.0  1.985E+05  6.898E+01  4.169E-01  2.691E+06  3.103E-05  2.349E+05  1.094E+03
  631.0  1.943E+05  6.645E+01  3.994E-01  2.676E+06  2.942E-05  2.345E+05  1.074E+03
  632.0  1.902E+05  6.402E+01  3.828E-01  2.662E+06  2.789E-05  2.342E+05  1.054E+03
  633.0  1.862E+05  6.167E+01  3.668E-01  2.648E+06  2.645E-05  2.339E+05  1.034E+03
  634.0  1.823E+05  5.941E+01  3.514E-01  2.634E+06  2.507E-05  2.336E+05  1.015E+03
  635.0  1.784E+05  5.724E+01  3.368E-01  2.620E+06  2.377E-05  2.333E+05  9.965E+02
  636.0  1.747E+05  5.514E+01  3.227E-01  2.606E+06  2.254E-05  2.330E+05  9.780E+02
  637.0  1.710E+05  5.312E+01  3.093E-01  2.592E+06  2.137E-05  2.327E+05  9.600E+02
  638.0  1.674E+05  5.118E+01  2.964E-01  2.578E+06  2.026E-05  2.324E+05  9.422E+02
  639.0  1.638E+05  4.931E+01  2.840E-01  2.565E+06  1.921E-05  2.321E+05  9.249E+02
  640.0  1.604E+05  4.750E+01  2.722E-01  2.551E+06  1.821E-05  2.318E+05  9.078E+02
  641.0  1.570E+05  4.577E+01  2.608E-01  2.538E+06  1.727E-05  2.314E+05  8.910E+02
  642.0  1.537E+05  4.409E+01  2.500E-01  2.524E+06  1.638E-05  2.311E+05  8.746E+02
  643.0  1.505E+05  4.248E+01  2.395E-01  2.511E+06  1.553E-05  2.308E+05  8.585E+02
  644.0  1.473E+05  4.093E+01  2.296E-01  2.497E+06  1.472E-05  2.305E+05  8.426E+02
  645.0  1.442E+05  3.944E+01  2.200E-01  2.484E+06  1.396E-05  2.302E+05  8.271E+02
  646.0  1.412E+05  3.800E+01  2.109E-01  2.471E+06  1.324E-05  2.299E+05  8.119E+02
  647.0  1.382E+05  3.661E+01  2.021E-01  2.458E+06  1.255E-05  2.296E+05  7.969E+02
  648.0  1.353E+05  3.527E+01  1.937E-01  2.445E+06  1.190E-05  2.293E+05  7.822E+02
  649.0  1.325E+05  3.399E+01  1.856E-01  2.432E+06  1.129E-05  2.290E+05  7.678E+02
  650.0  1.297E+05  3.275E+01  1.779E-01  2.419E+06  1.071E-05  2.287E+05  7.537E+02
  651.0  1.270E+05  3.155E+01  1.705E-01  2.406E+06  1.015E-05  2.284E+05  7.398E+02
  652.0  1.243E+05  3.040E+01  1.634E-01  2.394E+06  9.628E-06  2.281E+05  7.262E+02
  653.0  1.217E+05  2.930E+01  1.566E-01  2.381E+06  9.130E-06  2.278E+05  7.129E+02
  654.0  1.191E+05  2.823E+01  1.501E-01  2.368E+06  8.659E-06  2.275E+05  6.998E+02
  655.0  1.166E+05  2.720E+01  1.439E-01  2.356E+06  8.212E-06  2.272E+05  6.869E+02
  656.0  1.142E+05  2.621E+01  1.379E-01  2.343E+06  7.788E-06  2.269E+05  6.743E+02
  657.0  1.118E+05  2.526E+01  1.322E-01  2.331E+06  7.386E-06  2.266E+05  6.619E+02
  658.0  1.094E+05  2.434E+01  1.267E-01  2.319E+06  7.005E-06  2.263E+05  6.498E+02
  659.0  1.072E+05  2.345E+01  1.215E-01  2.306E+06  6.644E-06  2.260E+05  6.378E+02
  660.0  1.049E+05  2.260E+01  1.164E-01  2.294E+06  6.302E-06  2.257E+05  6.261E+02
  661.0  1.027E+05  2.178E+01  1.116E-01  2.282E+06  5.977E-06  2.254E+05  6.146E+02
  662.0  1.006E+05  2.099E+01  1.070E-01  2.270E+06  5.669E-06  2.251E+05  6.034E+02
  663.0  9.846E+04  2.022E+01  1.026E-01  2.258E+06  5.377E-06  2.248E+05  5.923E+02
  664.0  9.640E+04  1.949E+01  9.831E-02  2.246E+06  5.100E-06  2.245E+05  5.814E+02
  665.0  9.438E+04  1.878E+01  9.424E-02  2.234E+06  4.838E-06  2.242E+05  5.708E+02
  666.0  9.241E+04  1.810E+01  9.034E-02  2.223E+06  4.589E-06  2.239E+05  5.603E+02
  667.0  9.048E+04  1.744E+01  8.660E-02  2.211E+06  4.353E-06  2.236E+05  5.501E+02
  668.0  8.859E+04  1.681E+01  8.302E-02  2.199E+06  4.129E-06  2.233E+05  5.400E+02
  669.0  8.674E+04  1.620E+01  7.958E-02  2.188E+06  3.916E-06  2.230E+05  5.301E+02
  670.0  8.492E+04  1.561E+01  7.629E-02  2.176E+06  3.715E-06  2.227E+05  5.204E+02
  671.0  8.315E+04  1.505E+01  7.314E-02  2.165E+06  3.524E-06  2.224E+05  5.109E+02
  672.0  8.141E+04  1.450E+01  7.012E-02  2.153E+06  3.343E-06  2.221E+05  5.015E+02
  673.0  7.972E+04  1.397E+01  6.722E-02  2.142E+06  3.171E-06  2.218E+05  4.924E+02
  674.0  7.805E+04  1.347E+01  6.445E-02  2.131E+06  3.009E-06  2.216E+05  4.834E+02
  675.0  7.642E+04  1.298E+01  6.179E-02  2.120E+06  2.854E-06  2.213E+05  4.745E+02
  676.0  7.483E+04  1.251E+01  5.924E-02  2.108E+06  2.708E-06  2.210E+05  4.659E+02
  677.0  7.327E+04  1.206E+01  5.679E-02  2.097E+06  2.569E-06  2.207E+05  4.574E+02
  678.0  7.174E+04  1.162E+01  5.445E-02  2.086E+06  2.437E-06  2.204E+05  4.490E+02
  679.0  7.025E+04  1.120E+01  5.220E-02  2.075E+06  2.312E-06  2.201E+05  4.408E+02
  680.0  6.879E+04  1.080E+01  5.005E-02  2.064E+06  2.194E-06  2.198E+05  4.328E+02
  681.0  6.735E+04  1.041E+01  4.799E-02  2.054E+06  2.081E-06  2.195E+05  4.249E+02
  682.0  6.595E+04  1.003E+01  4.601E-02  2.043E+06  1.974E-06  2.192E+05  4.171E+02
  683.0  6.458E+04  9.667E+00  4.412E-02  2.032E+06  1.873E-06  2.189E+05  4.095E+02
  684.0  6.323E+04  9.318E+00  4.230E-02  2.022E+06  1.777E-06  2.187E+05  4.020E+02
  685.0  6.192E+04  8.981E+00  4.056E-02  2.011E+06  1.686E-06  2.184E+05  3.947E+02
  686.0  6.063E+04  8.657E+00  3.889E-02  2.000E+06  1.600E-06  2.181E+05  3.875E+02
  687.0  5.937E+04  8.344E+00  3.729E-02  1.990E+06  1.518E-06  2.178E+05  3.805E+02
  688.0  5.814E+04  8.043E+00  3.576E-02  1.979E+06  1.441E-06  2.175E+05  3.735E+02
  689.0  5.693E+04  7.753E+00  3.429E-02  1.969E+06  1.367E-06  2.172E+05  3.667E+02
  690.0  5.575E+04  7.474E+00  3.288E-02  1.959E+06  1.297E-06  2.169E+05  3.601E+02
  691.0  5.459E+04  7.204E+00  3.152E-02  1.949E+06  1.231E-06  2.167E+05  3.535E+02
  692.0  5.346E+04  6.944E+00  3.023E-02  1.938E+06  1.168E-06  2.164E+05  3.471E+02
  693.0  5.235E+04  6.694E+00  2.899E-02  1.928E+06  1.108E-06  2.161E+05  3.408E+02
  694.0  5.126E+04  6.453E+00  2.780E-02  1.918E+06  1.052E-06  2.158E+05  3.346E+02
  695.0  5.020E+04  6.221E+00  2.666E-02  1.908E+06  9.980E-07  2.155E+05  3.285E+02
  696.0  4.916E+04  5.997E+00  2.556E-02  1.898E+06  9.470E-07  2.152E+05  3.225E+02
  697.0  4.814E+04  5.781E+00  2.451E-02  1.888E+06  8.987E-07  2.150E+05  3.167E+02
  698.0  4.714E+04  5.573E+00  2.351E-02  1.878E+06  8.529E-07  2.147E+05  3.109E+02
  699.0  4.616E+04  5.372E+00  2.254E-02  1.869E+06  8.094E-07  2.144E+05  3.053E+02
  700.0  4.521E+04  5.179E+00  2.162E-02  1.859E+06  7.681E-07  2.141E+05  2.997E+02
  701.0  4.427E+04  4.993E+00  2.073E-02  1.849E+06  7.290E-07  2.138E+05  2.943E+02
  702.0  4.335E+04  4.813E+00  1.988E-02  1.839E+06  6.918E-07  2.136E+05  2.890E+02
  703.0  4.246E+04  4.640E+00  1.907E-02  1.830E+06  6.566E-07  2.133E+05  2.837E+02
  704.0  4.158E+04  4.474E+00  1.829E-02  1.820E+06  6.231E-07  2.130E+05  2.786E+02
  705.0  4.072E+04  4.313E+00  1.754E-02  1.811E+06  5.914E-07  2.127E+05  2.735E+02
  706.0  3.988E+04  4.158E+00  1.682E-02  1.801E+06  5.613E-07  2.124E+05  2.686E+02
  707.0  3.905E+04  4.009E+00  1.613E-02  1.792E+06  5.328E-07  2.122E+05  2.637E+02
  708.0  3.825E+04  3.865E+00  1.547E-02  1.783E+06  5.057E-07  2.119E+05  2.589E+02
  709.0  3.746E+04  3.726E+00  1.484E-02  1.773E+06  4.799E-07  2.116E+05  2.543E+02
  710.0  3.668E+04  3.593E+00  1.423E-02  1.764E+06  4.555E-07  2.113E+05  2.496E+02
  711.0  3.592E+04  3.464E+00  1.365E-02  1.755E+06  4.324E-07  2.111E+05  2.451E+02
  712.0  3.518E+04  3.340E+00  1.309E-02  1.746E+06  4.104E-07  2.108E+05  2.407E+02
  713.0  3.446E+04  3.220E+00  1.256E-02  1.737E+06  3.896E-07  2.105E+05  2.363E+02
  714.0  3.375E+04  3.105E+00  1.205E-02  1.728E+06  3.698E-07  2.102E+05  2.321E+02
  715.0  3.305E+04  2.994E+00  1.156E-02  1.719E+06  3.510E-07  2.100E+05  2.279E+02
  716.0  3.237E+04  2.886E+00  1.108E-02  1.710E+06  3.332E-07  2.097E+05  2.238E+02
  717.0  3.170E+04  2.783E+00  1.063E-02  1.701E+06  3.163E-07  2.094E+05  2.197E+02
  718.0  3.105E+04  2.683E+00  1.020E-02  1.692E+06  3.002E-07  2.091E+05  2.158E+02
  719.0  3.041E+04  2.587E+00  9.782E-03  1.683E+06  2.850E-07  2.089E+05  2.119E+02
  720.0  2.978E+04  2.495E+00  9.383E-03  1.675E+06  2.706E-07  2.086E+05  2.080E+02
  721.0  2.917E+04  2.406E+00  9.000E-03  1.666E+06  2.569E-07  2.083E+05  2.043E+02
  722.0  2.857E+04  2.320E+00  8.634E-03  1.657E+06  2.438E-07  2.081E+05  2.006E+02
  723.0  2.798E+04  2.237E+00  8.282E-03  1.649E+06  2.315E-07  2.078E+05  1.970E+02
  724.0  2.740E+04  2.157E+00  7.945E-03  1.640E+06  2.198E-07  2.075E+05  1.934E+02
  725.0  2.684E+04  2.080E+00  7.621E-03  1.632E+06  2.086E-07  2.073E+05  1.899E+02
  726.0  2.629E+04  2.006E+00  7.311E-03  1.623E+06  1.981E-07  2.070E+05  1.865E+02
  727.0  2.575E+04  1.934E+00  7.014E-03  1.615E+06  1.881E-07  2.067E+05  1.832E+02
  728.0  2.522E+04  1.865E+00  6.728E-03  1.606E+06  1.785E-07  2.064E+05  1.799E+02
  729.0  2.470E+04  1.798E+00  6.455E-03  1.598E+06  1.695E-07  2.062E+05  1.766E+02
  730.0  2.419E+04  1.734E+00  6.192E-03  1.590E+06  1.609E-07  2.059E+05  1.735E+02
  731.0  2.370E+04  1.672E+00  5.940E-03  1.582E+06  1.528E-07  2.056E+05  1.703E+02
  732.0  2.321E+04  1.613E+00  5.699E-03  1.573E+06  1.451E-07  2.054E+05  1.673E+02
  733.0  2.273E+04  1.555E+00  5.468E-03  1.565E+06  1.378E-07  2.051E+05  1.643E+02
  734.0  2.227E+04  1.500E+00  5.246E-03  1.557E+06  1.308E-07  2.048E+05  1.613E+02
  735.0  2.181E+04  1.447E+00  5.033E-03  1.549E+06  1.242E-07  2.046E+05  1.584E+02
  736.0  2.136E+04  1.395E+00  4.828E-03  1.541E+06  1.179E-07  2.043E+05  1.556E+02
  737.0  2.093E+04  1.345E+00  4.632E-03  1.533E+06  1.120E-07  2.041E+05  1.528E+02
  738.0  2.050E+04  1.297E+00  4.444E-03  1.525E+06  1.063E-07  2.038E+05  1.500E+02
  739.0  2.008E+04  1.251E+00  4.264E-03  1.517E+06  1.010E-07  2.035E+05  1.473E+02
  740.0  1.967E+04  1.207E+00  4.091E-03  1.510E+06  9.587E-08  2.033E+05  1.447E+02
  741.0  1.926E+04  1.164E+00  3.925E-03  1.502E+06  9.104E-08  2.030E+05  1.421E+02
  742.0  1.887E+04  1.123E+00  3.766E-03  1.494E+06  8.645E-08  2.027E+05  1.395E+02
  743.0  1.848E+04  1.083E+00  3.614E-03  1.486E+06  8.209E-08  2.025E+05  1.370E+02
  744.0  1.810E+04  1.044E+00  3.467E-03  1.479E+06  7.796E-08  2.022E+05  1.346E+02
  745.0  1.773E+04  1.007E+00  3.327E-03  1.471E+06  7.403E-08  2.020E+05  1.322E+02
  746.0  1.737E+04  9.713E-01  3.192E-03  1.464E+06  7.031E-08  2.017E+05  1.298E+02
  747.0  1.702E+04  9.368E-01  3.063E-03  1.456E+06  6.677E-08  2.014E+05  1.275E+02
  748.0  1.667E+04  9.036E-01  2.939E-03  1.448E+06  6.341E-08  2.012E+05  1.252E+02
  749.0  1.633E+04  8.715E-01  2.820E-03  1.441E+06  6.022E-08  2.009E+05  1.230E+02
  750.0  1.599E+04  8.406E-01  2.706E-03  1.434E+06  5.719E-08  2.007E+05  1.208E+02
  751.0  1.567E+04  8.108E-01  2.597E-03  1.426E+06  5.432E-08  2.004E+05  1.186E+02
  752.0  1.535E+04  7.820E-01  2.492E-03  1.419E+06  5.159E-08  2.001E+05  1.165E+02
  753.0  1.503E+04  7.543E-01  2.391E-03  1.412E+06  4.900E-08  1.999E+05  1.144E+02
  754.0  1.473E+04  7.276E-01  2.295E-03  1.404E+06  4.653E-08  1.996E+05  1.123E+02
  755.0  1.443E+04  7.018E-01  2.202E-03  1.397E+06  4.420E-08  1.994E+05  1.103E+02
  756.0  1.413E+04  6.770E-01  2.113E-03  1.390E+06  4.198E-08  1.991E+05  1.084E+02
  757.0  1.385E+04  6.530E-01  2.028E-03  1.383E+06  3.987E-08  1.989E+05  1.064E+02
  758.0  1.356E+04  6.299E-01  1.946E-03  1.376E+06  3.787E-08  1.986E+05  1.045E+02
  759.0  1.329E+04  6.076E-01  1.868E-03  1.369E+06  3.597E-08  1.983E+05  1.027E+02
  760.0  1.302E+04  5.861E-01  1.792E-03  1.362E+06  3.417E-08  1.981E+05  1.008E+02
  761.0  1.275E+04  5.654E-01  1.720E-03  1.355E+06  3.245E-08  1.978E+05  9.904E+01
  762.0  1.249E+04  5.454E-01  1.651E-03  1.348E+06  3.083E-08  1.976E+05  9.727E+01
  763.0  1.224E+04  5.261E-01  1.584E-03  1.341E+06  2.928E-08  1.973E+05  9.554E+01
  764.0  1.199E+04  5.075E-01  1.520E-03  1.334E+06  2.782E-08  1.971E+05  9.383E+01
  765.0  1.174E+04  4.896E-01  1.459E-03  1.327E+06  2.642E-08  1.968E+05  9.216E+01
  766.0  1.151E+04  4.723E-01  1.400E-03  1.320E+06  2.510E-08  1.966E+05  9.052E+01
  767.0  1.127E+04  4.556E-01  1.344E-03  1.314E+06  2.384E-08  1.963E+05  8.891E+01
  768.0  1.104E+04  4.396E-01  1.290E-03  1.307E+06  2.265E-08  1.961E+05  8.732E+01
  769.0  1.082E+04  4.241E-01  1.238E-03  1.300E+06  2.152E-08  1.958E+05  8.577E+01
  770.0  1.060E+04  4.091E-01  1.188E-03  1.293E+06  2.044E-08  1.956E+05  8.424E+01
  771.0  1.038E+04  3.947E-01  1.141E-03  1.287E+06  1.942E-08  1.953E+05  8.274E+01
  772.0  1.017E+04  3.808E-01  1.095E-03  1.280E+06  1.845E-08  1.951E+05  8.127E+01
  773.0  9.966E+03  3.673E-01  1.051E-03  1.274E+06  1.753E-08  1.948E+05  7.983E+01
  774.0  9.764E+03  3.544E-01  1.009E-03  1.267E+06  1.665E-08  1.946E+05  7.841E+01
  775.0  9.566E+03  3.419E-01  9.680E-04  1.261E+06  1.582E-08  1.943E+05  7.701E+01
  776.0  9.372E+03  3.299E-01  9.292E-04  1.254E+06  1.503E-08  1.941E+05  7.565E+01
  777.0  9.182E+03  3.183E-01  8.919E-04  1.248E+06  1.428E-08  1.938E+05  7.430E+01
  778.0  8.996E+03  3.070E-01  8.561E-04  1.242E+06  1.357E-08  1.936E+05  7.298E+01
  779.0  8.814E+03  2.962E-01  8.217E-04  1.235E+06  1.289E-08  1.933E+05  7.169E+01
  780.0  8.635E+03  2.858E-01  7.888E-04  1.229E+06  1.225E-08  1.931E+05  7.042E+01
  781.0  8.460E+03  2.758E-01  7.572E-04  1.223E+06  1.164E-08  1.928E+05  6.917E+01
  782.0  8.289E+03  2.661E-01  7.268E-04  1.216E+06  1.106E-08  1.926E+05  6.794E+01
  783.0  8.121E+03  2.567E-01  6.977E-04  1.210E+06  1.051E-08  1.923E+05  6.673E+01
  784.0  7.957E+03  2.477E-01  6.697E-04  1.204E+06  9.983E-09  1.921E+05  6.555E+01
  785.0  7.796E+03  2.390E-01  6.429E-04  1.198E+06  9.486E-09  1.918E+05  6.439E+01
  786.0  7.638E+03  2.306E-01  6.172E-04  1.192E+06  9.013E-09  1.916E+05  6.325E+01
  787.0  7.484E+03  2.225E-01  5.925E-04  1.186E+06  8.565E-09  1.914E+05  6.213E+01
  788.0  7.333E+03  2.147E-01  5.688E-04  1.180E+06  8.138E-09  1.911E+05  6.103E+01
  789.0  7.184E+03  2.072E-01  5.460E-04  1.174E+06  7.733E-09  1.909E+05  5.995E+01
  790.0  7.039E+03  1.999E-01  5.242E-04  1.168E+06  7.349E-09  1.906E+05  5.889E+01
  791.0  6.897E+03  1.929E-01  5.032E-04  1.162E+06  6.983E-09  1.904E+05  5.785E+01
  792.0  6.758E+03  1.861E-01  4.831E-04  1.156E+06  6.636E-09  1.901E+05  5.682E+01
  793.0  6.621E+03  1.796E-01  4.638E-04  1.150E+06  6.306E-09  1.899E+05  5.582E+01
  794.0  6.488E+03  1.733E-01  4.453E-04  1.144E+06  5.993E-09  1.897E+05  5.483E+01
  795.0  6.357E+03  1.672E-01  4.275E-04  1.138E+06  5.695E-09  1.894E+05  5.386E+01
  796.0  6.229E+03  1.614E-01  4.104E-04  1.133E+06  5.413E-09  1.892E+05  5.291E+01
  797.0  6.103E+03  1.557E-01  3.940E-04  1.127E+06  5.144E-09  1.889E+05  5.198E+01
  798.0  5.980E+03  1.503E-01  3.783E-04  1.121E+06  4.889E-09  1.887E+05  5.106E+01
  799.0  5.860E+03  1.450E-01  3.632E-04  1.115E+06  4.646E-09  1.884E+05  5.016E+01
  800.0  5.742E+03  1.399E-01  3.487E-04  1.110E+06  4.416E-09  1.882E+05  4.927E+01
  801.0  5.626E+03  1.350E-01  3.348E-04  1.104E+06  4.197E-09  1.880E+05  4.840E+01
  802.0  5.513E+03  1.303E-01  3.215E-04  1.098E+06  3.989E-09  1.877E+05  4.755E+01
  803.0  5.402E+03  1.258E-01  3.087E-04  1.093E+06  3.791E-09  1.875E+05  4.671E+01
  804.0  5.293E+03  1.214E-01  2.964E-04  1.087E+06  3.603E-09  1.873E+05  4.589E+01
  805.0  5.187E+03  1.171E-01  2.846E-04  1.082E+06  3.425E-09  1.870E+05  4.508E+01
  806.0  5.082E+03  1.130E-01  2.732E-04  1.076E+06  3.255E-09  1.868E+05  4.428E+01
  807.0  4.980E+03  1.091E-01  2.624E-04  1.071E+06  3.094E-09  1.865E+05  4.350E+01
  808.0  4.880E+03  1.053E-01  2.519E-04  1.065E+06  2.941E-09  1.863E+05  4.274E+01
  809.0  4.782E+03  1.016E-01  2.419E-04  1.060E+06  2.795E-09  1.861E+05  4.198E+01
  810.0  4.686E+03  9.807E-02  2.323E-04  1.055E+06  2.657E-09  1.858E+05  4.125E+01
  811.0  4.592E+03  9.465E-02  2.230E-04  1.049E+06  2.526E-09  1.856E+05  4.052E+01
  812.0  4.500E+03  9.135E-02  2.142E-04  1.044E+06  2.401E-09  1.854E+05  3.981E+01
  813.0  4.409E+03  8.816E-02  2.057E-04  1.039E+06  2.282E-09  1.851E+05  3.911E+01
  814.0  4.321E+03  8.509E-02  1.975E-04  1.034E+06  2.169E-09  1.849E+05  3.842E+01
  815.0  4.234E+03  8.212E-02  1.897E-04  1.028E+06  2.062E-09  1.847E+05  3.774E+01
  816.0  4.149E+03  7.926E-02  1.821E-04  1.023E+06  1.960E-09  1.844E+05  3.708E+01
  817.0  4.066E+03  7.650E-02  1.749E-04  1.018E+06  1.863E-09  1.842E+05  3.643E+01
  818.0  3.985E+03  7.384E-02  1.680E-04  1.013E+06  1.772E-09  1.840E+05  3.579E+01
  819.0  3.905E+03  7.127E-02  1.613E-04  1.008E+06  1.684E-09  1.837E+05  3.516E+01
  820.0  3.826E+03  6.879E-02  1.549E-04  1.003E+06  1.601E-09  1.835E+05  3.454E+01
  821.0  3.750E+03  6.640E-02  1.487E-04  9.976E+05  1.522E-09  1.833E+05  3.394E+01
  822.0  3.675E+03  6.409E-02  1.429E-04  9.925E+05  1.447E-09  1.830E+05  3.334E+01
  823.0  3.601E+03  6.186E-02  1.372E-04  9.875E+05  1.376E-09  1.828E+05  3.276E+01
  824.0  3.529E+03  5.971E-02  1.318E-04  9.826E+05  1.308E-09  1.826E+05  3.218E+01
  825.0  3.459E+03  5.764E-02  1.265E-04  9.776E+05  1.243E-09  1.823E+05  3.162E+01
  826.0  3.389E+03  5.563E-02  1.215E-04  9.727E+05  1.182E-09  1.821E+05  3.107E+01
  827.0  3.322E+03  5.370E-02  1.167E-04  9.678E+05  1.124E-09  1.819E+05  3.052E+01
  828.0  3.255E+03  5.184E-02  1.121E-04  9.629E+05  1.069E-09  1.817E+05  2.999E+01
  829.0  3.190E+03  5.004E-02  1.077E-04  9.581E+05  1.016E-09  1.814E+05  2.946E+01
  830.0  3.126E+03  4.830E-02  1.034E-04  9.532E+05  9.661E-10  1.812E+05  2.895E+01
  831.0  3.064E+03  4.663E-02  9.931E-05  9.484E+05  9.186E-10  1.810E+05  2.844E+01
  832.0  3.003E+03  4.501E-02  9.538E-05  9.437E+05  8.734E-10  1.807E+05  2.794E+01
  833.0  2.943E+03  4.345E-02  9.161E-05  9.389E+05  8.304E-10  1.805E+05  2.745E+01
  834.0  2.884E+03  4.194E-02  8.799E-05  9.342E+05  7.896E-10  1.803E+05  2.697E+01
  835.0  2.827E+03  4.049E-02  8.452E-05  9.295E+05  7.508E-10  1.801E+05  2.650E+01
  836.0  2.770E+03  3.909E-02  8.118E-05  9.248E+05  7.140E-10  1.798E+05  2.604E+01
  837.0  2.715E+03  3.773E-02  7.798E-05  9.202E+05  6.789E-10  1.796E+05  2.558E+01
  838.0  2.661E+03  3.643E-02  7.490E-05  9.156E+05  6.456E-10  1.794E+05  2.514E+01
  839.0  2.608E+03  3.517E-02  7.194E-05  9.110E+05  6.139E-10  1.792E+05  2.470E+01
  840.0  2.556E+03  3.395E-02  6.910E-05  9.064E+05  5.838E-10  1.789E+05  2.427E+01
  841.0  2.505E+03  3.277E-02  6.638E-05  9.019E+05  5.551E-10  1.787E+05  2.384E+01
  842.0  2.455E+03  3.164E-02  6.376E-05  8.973E+05  5.279E-10  1.785E+05  2.343E+01
  843.0  2.406E+03  3.055E-02  6.125E-05  8.928E+05  5.020E-10  1.783E+05  2.302E+01
  844.0  2.358E+03  2.949E-02  5.883E-05  8.884E+05  4.774E-10  1.780E+05  2.262E+01
  845.0  2.311E+03  2.847E-02  5.652E-05  8.839E+05  4.540E-10  1.778E+05  2.222E+01
  846.0  2.265E+03  2.749E-02  5.429E-05  8.795E+05  4.318E-10  1.776E+05  2.184E+01
  847.0  2.220E+03  2.654E-02  5.215E-05  8.751E+05  4.106E-10  1.774E+05  2.146E+01
  848.0  2.176E+03  2.562E-02  5.010E-05  8.707E+05  3.905E-10  1.771E+05  2.108E+01
  849.0  2.133E+03  2.474E-02  4.813E-05  8.663E+05  3.714E-10  1.769E+05  2.072E+01
  850.0  2.091E+03  2.388E-02  4.623E-05  8.620E+05  3.532E-10  1.767E+05  2.035E+01
  851.0  2.049E+03  2.306E-02  4.442E-05  8.577E+05  3.360E-10  1.765E+05  2.000E+01
  852.0  2.008E+03  2.226E-02  4.267E-05  8.534E+05  3.195E-10  1.763E+05  1.965E+01
  853.0  1.968E+03  2.150E-02  4.099E-05  8.491E+05  3.039E-10  1.760E+05  1.931E+01
  854.0  1.929E+03  2.076E-02  3.938E-05  8.449E+05  2.891E-10  1.758E+05  1.898E+01
  855.0  1.891E+03  2.004E-02  3.783E-05  8.407E+05  2.749E-10  1.756E+05  1.865E+01
  856.0  1.854E+03  1.935E-02  3.635E-05  8.365E+05  2.615E-10  1.754E+05  1.832E+01
  857.0  1.817E+03  1.868E-02  3.492E-05  8.323E+05  2.487E-10  1.752E+05  1.800E+01
  858.0  1.781E+03  1.804E-02  3.355E-05  8.281E+05  2.366E-10  1.749E+05  1.769E+01
  859.0  1.746E+03  1.742E-02  3.223E-05  8.240E+05  2.250E-10  1.747E+05  1.738E+01
  860.0  1.711E+03  1.682E-02  3.097E-05  8.199E+05  2.140E-10  1.745E+05  1.708E+01
  861.0  1.677E+03  1.624E-02  2.975E-05  8.158E+05  2.036E-10  1.743E+05  1.678E+01
  862.0  1.644E+03  1.568E-02  2.859E-05  8.117E+05  1.937E-10  1.741E+05  1.649E+01
  863.0  1.611E+03  1.514E-02  2.747E-05  8.077E+05  1.842E-10  1.738E+05  1.621E+01
  864.0  1.579E+03  1.462E-02  2.639E-05  8.036E+05  1.752E-10  1.736E+05  1.593E+01
  865.0  1.548E+03  1.412E-02  2.536E-05  7.996E+05  1.667E-10  1.734E+05  1.565E+01
  866.0  1.518E+03  1.363E-02  2.436E-05  7.957E+05  1.586E-10  1.732E+05  1.538E+01
  867.0  1.488E+03  1.317E-02  2.341E-05  7.917E+05  1.509E-10  1.730E+05  1.511E+01
  868.0  1.458E+03  1.271E-02  2.249E-05  7.877E+05  1.435E-10  1.728E+05  1.485E+01
  869.0  1.429E+03  1.228E-02  2.161E-05  7.838E+05  1.365E-10  1.725E+05  1.459E+01
  870.0  1.401E+03  1.186E-02  2.077E-05  7.799E+05  1.299E-10  1.723E+05  1.434E+01
  871.0  1.373E+03  1.145E-02  1.995E-05  7.760E+05  1.236E-10  1.721E+05  1.409E+01
  872.0  1.346E+03  1.106E-02  1.917E-05  7.722E+05  1.176E-10  1.719E+05  1.385E+01
  873.0  1.320E+03  1.068E-02  1.842E-05  7.683E+05  1.118E-10  1.717E+05  1.361E+01
  874.0  1.294E+03  1.031E-02  1.770E-05  7.645E+05  1.064E-10  1.715E+05  1.337E+01
  875.0  1.268E+03  9.958E-03  1.701E-05  7.607E+05  1.012E-10  1.713E+05  1.314E+01
  876.0  1.243E+03  9.616E-03  1.635E-05  7.569E+05  9.631E-11  1.710E+05  1.292E+01
  877.0  1.219E+03  9.287E-03  1.571E-05  7.532E+05  9.163E-11  1.708E+05  1.269E+01
  878.0  1.195E+03  8.969E-03  1.510E-05  7.494E+05  8.718E-11  1.706E+05  1.247E+01
  879.0  1.171E+03  8.662E-03  1.451E-05  7.457E+05  8.295E-11  1.704E+05  1.226E+01
  880.0  1.148E+03  8.365E-03  1.394E-05  7.420E+05  7.892E-11  1.702E+05  1.205E+01
  881.0  1.125E+03  8.079E-03  1.340E-05  7.383E+05  7.509E-11  1.700E+05  1.184E+01
  882.0  1.103E+03  7.803E-03  1.287E-05  7.347E+05  7.145E-11  1.698E+05  1.163E+01
  883.0  1.081E+03  7.536E-03  1.237E-05  7.310E+05  6.798E-11  1.696E+05  1.143E+01
  884.0  1.060E+03  7.278E-03  1.189E-05  7.274E+05  6.469E-11  1.694E+05  1.124E+01
  885.0  1.039E+03  7.029E-03  1.143E-05  7.238E+05  6.155E-11  1.691E+05  1.104E+01
  886.0  1.019E+03  6.789E-03  1.098E-05  7.202E+05  5.857E-11  1.689E+05  1.085E+01
  887.0  9.988E+02  6.557E-03  1.055E-05  7.167E+05  5.573E-11  1.687E+05  1.067E+01
  888.0  9.791E+02  6.333E-03  1.014E-05  7.131E+05  5.303E-11  1.685E+05  1.048E+01
  889.0  9.599E+02  6.117E-03  9.747E-06  7.096E+05  5.046E-11  1.683E+05  1.030E+01
  890.0  9.410E+02  5.908E-03  9.368E-06  7.061E+05  4.802E-11  1.681E+05  1.012E+01
  891.0  9.225E+02  5.706E-03  9.004E-06  7.026E+05  4.570E-11  1.679E+05  9.950E+00
  892.0  9.044E+02  5.512E-03  8.653E-06  6.991E+05  4.349E-11  1.677E+05  9.778E+00
  893.0  8.867E+02  5.324E-03  8.317E-06  6.956E+05  4.138E-11  1.675E+05  9.610E+00
  894.0  8.693E+02  5.142E-03  7.993E-06  6.922E+05  3.938E-11  1.673E+05  9.445E+00
  895.0  8.522E+02  4.967E-03  7.683E-06  6.888E+05  3.748E-11  1.671E+05  9.282E+00
  896.0  8.355E+02  4.798E-03  7.384E-06  6.854E+05  3.567E-11  1.668E+05  9.123E+00
  897.0  8.191E+02  4.634E-03  7.097E-06  6.820E+05  3.394E-11  1.666E+05  8.966E+00
  898.0  8.030E+02  4.476E-03  6.822E-06  6.786E+05  3.230E-11  1.664E+05  8.812E+00
  899.0  7.873E+02  4.324E-03  6.557E-06  6.753E+05  3.074E-11  1.662E+05  8.661E+00
  900.0  7.719E+02  4.177E-03  6.302E-06  6.719E+05  2.926E-11  1.660E+05  8.512E+00
  901.0  7.567E+02  4.034E-03  6.058E-06  6.686E+05  2.785E-11  1.658E+05  8.366E+00
  902.0  7.419E+02  3.897E-03  5.823E-06  6.653E+05  2.650E-11  1.656E+05  8.222E+00
  903.0  7.274E+02  3.765E-03  5.597E-06  6.620E+05  2.522E-11  1.654E+05  8.081E+00
  904.0  7.131E+02  3.637E-03  5.380E-06  6.588E+05  2.401E-11  1.652E+05  7.943E+00
  905.0  6.992E+02  3.513E-03  5.172E-06  6.555E+05  2.285E-11  1.650E+05  7.806E+00
  906.0  6.855E+02  3.394E-03  4.971E-06  6.523E+05  2.175E-11  1.648E+05  7.673E+00
  907.0  6.721E+02  3.278E-03  4.779E-06  6.491E+05  2.070E-11  1.646E+05  7.541E+00
  908.0  6.590E+02  3.167E-03  4.593E-06  6.459E+05  1.970E-11  1.644E+05  7.412E+00
  909.0  6.461E+02  3.059E-03  4.416E-06  6.427E+05  1.875E-11  1.642E+05  7.285E+00
  910.0  6.334E+02  2.955E-03  4.245E-06  6.395E+05  1.785E-11  1.640E+05  7.160E+00
  911.0  6.211E+02  2.855E-03  4.080E-06  6.364E+05  1.699E-11  1.638E+05  7.038E+00
  912.0  6.089E+02  2.758E-03  3.923E-06  6.333E+05  1.617E-11  1.636E+05  6.917E+00
  913.0  5.970E+02  2.665E-03  3.771E-06  6.301E+05  1.540E-11  1.634E+05  6.799E+00
  914.0  5.854E+02  2.574E-03  3.625E-06  6.270E+05  1.466E-11  1.632E+05  6.683E+00
  915.0  5.740E+02  2.487E-03  3.485E-06  6.240E+05  1.395E-11  1.630E+05  6.568E+00
  916.0  5.628E+02  2.403E-03  3.350E-06  6.209E+05  1.328E-11  1.628E+05  6.456E+00
  917.0  5.518E+02  2.321E-03  3.221E-06  6.178E+05  1.264E-11  1.626E+05  6.346E+00
  918.0  5.410E+02  2.243E-03  3.096E-06  6.148E+05  1.203E-11  1.624E+05  6.237E+00
  919.0  5.305E+02  2.167E-03  2.977E-06  6.118E+05  1.146E-11  1.622E+05  6.131E+00
  920.0  5.201E+02  2.093E-03  2.862E-06  6.088E+05  1.091E-11  1.620E+05  6.026E+00
  921.0  5.100E+02  2.022E-03  2.751E-06  6.058E+05  1.038E-11  1.618E+05  5.923E+00
  922.0  5.001E+02  1.954E-03  2.645E-06  6.028E+05  9.884E-12  1.616E+05  5.822E+00
  923.0  4.903E+02  1.888E-03  2.543E-06  5.999E+05  9.410E-12  1.614E+05  5.723E+00
  924.0  4.808E+02  1.824E-03  2.445E-06  5.969E+05  8.959E-12  1.612E+05  5.625E+00
  925.0  4.714E+02  1.762E-03  2.351E-06  5.940E+05  8.529E-12  1.610E+05  5.529E+00
  926.0  4.622E+02  1.703E-03  2.260E-06  5.911E+05  8.120E-12  1.608E+05  5.435E+00
  927.0  4.532E+02  1.645E-03  2.173E-06  5.882E+05  7.731E-12  1.606E+05  5.342E+00
  928.0  4.444E+02  1.590E-03  2.089E-06  5.853E+05  7.361E-12  1.604E+05  5.251E+00
  929.0  4.358E+02  1.536E-03  2.009E-06  5.824E+05  7.008E-12  1.602E+05  5.162E+00
  930.0  4.273E+02  1.484E-03  1.932E-06  5.796E+05  6.672E-12  1.600E+05  5.074E+00
  931.0  4.190E+02  1.434E-03  1.857E-06  5.768E+05  6.353E-12  1.598E+05  4.988E+00
  932.0  4.109E+02  1.386E-03  1.786E-06  5.739E+05  6.049E-12  1.596E+05  4.903E+00
  933.0  4.029E+02  1.339E-03  1.717E-06  5.711E+05  5.759E-12  1.594E+05  4.819E+00
  934.0  3.951E+02  1.294E-03  1.651E-06  5.683E+05  5.484E-12  1.592E+05  4.737E+00
  935.0  3.874E+02  1.250E-03  1.588E-06  5.656E+05  5.221E-12  1.590E+05  4.657E+00
  936.0  3.799E+02  1.208E-03  1.527E-06  5.628E+05  4.972E-12  1.588E+05  4.577E+00
  937.0  3.725E+02  1.167E-03  1.468E-06  5.600E+05  4.734E-12  1.586E+05  4.500E+00
  938.0  3.653E+02  1.128E-03  1.412E-06  5.573E+05  4.508E-12  1.584E+05  4.423E+00
  939.0  3.582E+02  1.090E-03  1.357E-06  5.546E+05  4.293E-12  1.582E+05  4.348E+00
  940.0  3.513E+02  1.053E-03  1.305E-06  5.519E+05  4.088E-12  1.581E+05  4.274E+00
  941.0  3.444E+02  1.018E-03  1.255E-06  5.492E+05  3.892E-12  1.579E+05  4.202E+00
  942.0  3.378E+02  9.834E-04  1.207E-06  5.465E+05  3.707E-12  1.577E+05  4.130E+00
  943.0  3.312E+02  9.503E-04  1.161E-06  5.438E+05  3.530E-12  1.575E+05  4.060E+00
  944.0  3.248E+02  9.183E-04  1.116E-06  5.412E+05  3.361E-12  1.573E+05  3.991E+00
  945.0  3.185E+02  8.874E-04  1.073E-06  5.385E+05  3.201E-12  1.571E+05  3.924E+00
  946.0  3.124E+02  8.576E-04  1.032E-06  5.359E+05  3.048E-12  1.569E+05  3.857E+00
  947.0  3.063E+02  8.288E-04  9.926E-07  5.333E+05  2.903E-12  1.567E+05  3.792E+00
  948.0  3.004E+02  8.009E-04  9.546E-07  5.307E+05  2.765E-12  1.565E+05  3.727E+00
  949.0  2.946E+02  7.740E-04  9.180E-07  5.281E+05  2.633E-12  1.563E+05  3.664E+00
  950.0  2.889E+02  7.480E-04  8.828E-07  5.256E+05  2.507E-12  1.561E+05  3.602E+00
  951.0  2.833E+02  7.229E-04  8.491E-07  5.230E+05  2.388E-12  1.559E+05  3.541E+00
  952.0  2.778E+02  6.986E-04  8.166E-07  5.205E+05  2.274E-12  1.558E+05  3.481E+00
  953.0  2.725E+02  6.752E-04  7.853E-07  5.179E+05  2.166E-12  1.556E+05  3.422E+00
  954.0  2.672E+02  6.525E-04  7.553E-07  5.154E+05  2.063E-12  1.554E+05  3.364E+00
  955.0  2.620E+02  6.306E-04  7.264E-07  5.129E+05  1.965E-12  1.552E+05  3.308E+00
  956.0  2.570E+02  6.095E-04  6.986E-07  5.104E+05  1.871E-12  1.550E+05  3.252E+00
  957.0  2.520E+02  5.891E-04  6.719E-07  5.079E+05  1.782E-12  1.548E+05  3.197E+00
  958.0  2.472E+02  5.693E-04  6.462E-07  5.055E+05  1.698E-12  1.546E+05  3.143E+00
  959.0  2.424E+02  5.502E-04  6.215E-07  5.030E+05  1.617E-12  1.544E+05  3.090E+00
  960.0  2.377E+02  5.318E-04  5.978E-07  5.006E+05  1.540E-12  1.542E+05  3.037E+00
  961.0  2.331E+02  5.140E-04  5.750E-07  4.981E+05  1.467E-12  1.541E+05  2.986E+00
  962.0  2.286E+02  4.968E-04  5.530E-07  4.957E+05  1.397E-12  1.539E+05  2.936E+00
  963.0  2.242E+02  4.802E-04  5.319E-07  4.933E+05  1.331E-12  1.537E+05  2.886E+00
  964.0  2.199E+02  4.641E-04  5.116E-07  4.909E+05  1.268E-12  1.535E+05  2.837E+00
  965.0  2.157E+02  4.486E-04  4.921E-07  4.885E+05  1.208E-12  1.533E+05  2.790E+00
  966.0  2.115E+02  4.336E-04  4.734E-07  4.862E+05  1.150E-12  1.531E+05  2.742E+00
  967.0  2.075E+02  4.191E-04  4.553E-07  4.838E+05  1.096E-12  1.529E+05  2.696E+00
  968.0  2.035E+02  4.051E-04  4.380E-07  4.815E+05  1.044E-12  1.528E+05  2.651E+00
  969.0  1.996E+02  3.915E-04  4.213E-07  4.791E+05  9.944E-13  1.526E+05  2.606E+00
  970.0  1.957E+02  3.784E-04  4.052E-07  4.768E+05  9.473E-13  1.524E+05  2.562E+00
  971.0  1.920E+02  3.658E-04  3.898E-07  4.745E+05  9.024E-13  1.522E+05  2.519E+00
  972.0  1.883E+02  3.536E-04  3.750E-07  4.722E+05  8.597E-13  1.520E+05  2.477E+00
  973.0  1.846E+02  3.418E-04  3.607E-07  4.699E+05  8.190E-13  1.518E+05  2.435E+00
  974.0  1.811E+02  3.304E-04  3.470E-07  4.676E+05  7.802E-13  1.516E+05  2.394E+00
  975.0  1.776E+02  3.193E-04  3.338E-07  4.654E+05  7.433E-13  1.515E+05  2.354E+00
  976.0  1.742E+02  3.087E-04  3.211E-07  4.631E+05  7.081E-13  1.513E+05  2.314E+00
  977.0  1.709E+02  2.984E-04  3.089E-07  4.609E+05  6.746E-13  1.511E+05  2.275E+00
  978.0  1.676E+02  2.885E-04  2.971E-07  4.587E+05  6.427E-13  1.509E+05  2.237E+00
  979.0  1.644E+02  2.788E-04  2.858E-07  4.565E+05  6.124E-13  1.507E+05  2.199E+00
  980.0  1.612E+02  2.696E-04  2.750E-07  4.543E+05  5.834E-13  1.505E+05  2.162E+00
  981.0  1.581E+02  2.606E-04  2.645E-07  4.521E+05  5.559E-13  1.504E+05  2.126E+00
  982.0  1.551E+02  2.519E-04  2.545E-07  4.499E+05  5.296E-13  1.502E+05  2.090E+00
  983.0  1.521E+02  2.435E-04  2.448E-07  4.477E+05  5.046E-13  1.500E+05  2.055E+00
  984.0  1.492E+02  2.354E-04  2.355E-07  4.455E+05  4.808E-13  1.498E+05  2.021E+00
  985.0  1.464E+02  2.276E-04  2.266E-07  4.434E+05  4.581E-13  1.496E+05  1.987E+00
  986.0  1.436E+02  2.200E-04  2.180E-07  4.413E+05  4.365E-13  1.495E+05  1.954E+00
  987.0  1.408E+02  2.127E-04  2.097E-07  4.391E+05  4.159E-13  1.493E+05  1.921E+00
  988.0  1.381E+02  2.056E-04  2.018E-07  4.370E+05  3.963E-13  1.491E+05  1.889E+00
  989.0  1.355E+02  1.988E-04  1.941E-07  4.349E+05  3.776E-13  1.489E+05  1.857E+00
  990.0  1.329E+02  1.922E-04  1.868E-07  4.328E+05  3.598E-13  1.487E+05  1.826E+00
  991.0  1.303E+02  1.858E-04  1.797E-07  4.307E+05  3.428E-13  1.486E+05  1.795E+00
  992.0  1.278E+02  1.796E-04  1.729E-07  4.287E+05  3.267E-13  1.484E+05  1.765E+00
  993.0  1.254E+02  1.737E-04  1.664E-07  4.266E+05  3.113E-13  1.482E+05  1.736E+00
  994.0  1.230E+02  1.679E-04  1.601E-07  4.245E+05  2.966E-13  1.480E+05  1.707E+00
  995.0  1.207E+02  1.623E-04  1.540E-07  4.225E+05  2.827E-13  1.478E+05  1.678E+00
  996.0  1.184E+02  1.569E-04  1.482E-07  4.205E+05  2.694E-13  1.477E+05  1.650E+00
  997.0  1.161E+02  1.517E-04  1.426E-07  4.184E+05  2.567E-13  1.475E+05  1.622E+00
  998.0  1.139E+02  1.467E-04  1.372E-07  4.164E+05  2.446E-13  1.473E+05  1.595E+00
  999.0  1.117E+02  1.418E-04  1.320E-07  4.144E+05  2.331E-13  1.471E+05  1.569E+00