Selected parameters are:
1 Height, km
2 N2, cm-3

      1          2
    0.0  2.105E+19
    1.0  1.877E+19
    2.0  1.684E+19
    3.0  1.516E+19
    4.0  1.363E+19
    5.0  1.224E+19
    6.0  1.093E+19
    7.0  9.704E+18
    8.0  8.553E+18
    9.0  7.479E+18
   10.0  6.484E+18
   11.0  5.575E+18
   12.0  4.766E+18
   13.0  4.062E+18
   14.0  3.460E+18
   15.0  2.950E+18
   16.0  2.521E+18
   17.0  2.157E+18
   18.0  1.846E+18
   19.0  1.578E+18
   20.0  1.346E+18
   21.0  1.146E+18
   22.0  9.731E+17
   23.0  8.247E+17
   24.0  6.979E+17
   25.0  5.900E+17
   26.0  4.983E+17
   27.0  4.206E+17
   28.0  3.550E+17
   29.0  2.997E+17
   30.0  2.530E+17
   31.0  2.137E+17
   32.0  1.807E+17
   33.0  1.530E+17
   34.0  1.298E+17
   35.0  1.104E+17
   36.0  9.417E+16
   37.0  8.054E+16
   38.0  6.908E+16
   39.0  5.942E+16
   40.0  5.126E+16
   41.0  4.434E+16
   42.0  3.847E+16
   43.0  3.347E+16
   44.0  2.920E+16
   45.0  2.554E+16
   46.0  2.240E+16
   47.0  1.969E+16
   48.0  1.733E+16
   49.0  1.528E+16
   50.0  1.348E+16
   51.0  1.190E+16
   52.0  1.051E+16
   53.0  9.280E+15
   54.0  8.189E+15
   55.0  7.222E+15
   56.0  6.363E+15
   57.0  5.600E+15
   58.0  4.923E+15
   59.0  4.323E+15
   60.0  3.791E+15
   61.0  3.320E+15
   62.0  2.903E+15
   63.0  2.535E+15
   64.0  2.211E+15
   65.0  1.925E+15
   66.0  1.674E+15
   67.0  1.453E+15
   68.0  1.260E+15
   69.0  1.090E+15
   70.0  9.426E+14
   71.0  8.138E+14
   72.0  7.017E+14
   73.0  6.063E+14
   74.0  5.223E+14
   75.0  4.501E+14
   76.0  3.878E+14
   77.0  3.342E+14
   78.0  2.879E+14
   79.0  2.479E+14
   80.0  2.133E+14
   81.0  1.835E+14
   82.0  1.577E+14
   83.0  1.354E+14
   84.0  1.162E+14
   85.0  9.956E+13
   86.0  8.522E+13
   87.0  7.286E+13
   88.0  6.220E+13
   89.0  5.303E+13
   90.0  4.514E+13
   91.0  3.837E+13
   92.0  3.255E+13
   93.0  2.755E+13
   94.0  2.326E+13
   95.0  1.959E+13
   96.0  1.645E+13
   97.0  1.378E+13
   98.0  1.151E+13
   99.0  9.597E+12
  100.0  7.981E+12
  101.0  6.623E+12
  102.0  5.489E+12
  103.0  4.546E+12
  104.0  3.765E+12
  105.0  3.120E+12
  106.0  2.587E+12
  107.0  2.149E+12
  108.0  1.788E+12
  109.0  1.491E+12
  110.0  1.246E+12
  111.0  1.044E+12
  112.0  8.775E+11
  113.0  7.399E+11
  114.0  6.261E+11
  115.0  5.320E+11
  116.0  4.539E+11
  117.0  3.891E+11
  118.0  3.353E+11
  119.0  2.906E+11
  120.0  2.535E+11
  121.0  2.227E+11
  122.0  1.972E+11
  123.0  1.763E+11
  124.0  1.594E+11
  125.0  1.445E+11
  126.0  1.314E+11
  127.0  1.199E+11
  128.0  1.096E+11
  129.0  1.005E+11
  130.0  9.238E+10
  131.0  8.509E+10
  132.0  7.853E+10
  133.0  7.262E+10
  134.0  6.728E+10
  135.0  6.243E+10
  136.0  5.802E+10
  137.0  5.400E+10
  138.0  5.033E+10
  139.0  4.697E+10
  140.0  4.388E+10
  141.0  4.105E+10
  142.0  3.844E+10
  143.0  3.604E+10
  144.0  3.381E+10
  145.0  3.176E+10
  146.0  2.985E+10
  147.0  2.808E+10
  148.0  2.644E+10
  149.0  2.492E+10
  150.0  2.349E+10
  151.0  2.217E+10
  152.0  2.093E+10
  153.0  1.977E+10
  154.0  1.869E+10
  155.0  1.768E+10
  156.0  1.673E+10
  157.0  1.584E+10
  158.0  1.500E+10
  159.0  1.422E+10
  160.0  1.348E+10
  161.0  1.278E+10
  162.0  1.212E+10
  163.0  1.151E+10
  164.0  1.093E+10
  165.0  1.038E+10
  166.0  9.867E+09
  167.0  9.380E+09
  168.0  8.920E+09
  169.0  8.485E+09
  170.0  8.073E+09
  171.0  7.684E+09
  172.0  7.315E+09
  173.0  6.966E+09
  174.0  6.635E+09
  175.0  6.321E+09
  176.0  6.023E+09
  177.0  5.741E+09
  178.0  5.473E+09
  179.0  5.219E+09
  180.0  4.977E+09
  181.0  4.748E+09
  182.0  4.530E+09
  183.0  4.323E+09
  184.0  4.126E+09
  185.0  3.938E+09
  186.0  3.760E+09
  187.0  3.590E+09
  188.0  3.428E+09
  189.0  3.274E+09
  190.0  3.128E+09
  191.0  2.988E+09
  192.0  2.855E+09
  193.0  2.729E+09
  194.0  2.608E+09
  195.0  2.493E+09
  196.0  2.383E+09
  197.0  2.278E+09
  198.0  2.178E+09
  199.0  2.083E+09
  200.0  1.992E+09
  201.0  1.905E+09
  202.0  1.822E+09
  203.0  1.743E+09
  204.0  1.667E+09
  205.0  1.595E+09
  206.0  1.526E+09
  207.0  1.461E+09
  208.0  1.398E+09
  209.0  1.338E+09
  210.0  1.280E+09
  211.0  1.225E+09
  212.0  1.173E+09
  213.0  1.123E+09
  214.0  1.075E+09
  215.0  1.029E+09
  216.0  9.855E+08
  217.0  9.436E+08
  218.0  9.036E+08
  219.0  8.653E+08
  220.0  8.287E+08
  221.0  7.936E+08
  222.0  7.601E+08
  223.0  7.281E+08
  224.0  6.974E+08
  225.0  6.680E+08
  226.0  6.399E+08
  227.0  6.131E+08
  228.0  5.873E+08
  229.0  5.627E+08
  230.0  5.391E+08
  231.0  5.166E+08
  232.0  4.950E+08
  233.0  4.743E+08
  234.0  4.545E+08
  235.0  4.355E+08
  236.0  4.174E+08
  237.0  4.000E+08
  238.0  3.833E+08
  239.0  3.674E+08
  240.0  3.521E+08
  241.0  3.375E+08
  242.0  3.235E+08
  243.0  3.101E+08
  244.0  2.972E+08
  245.0  2.849E+08
  246.0  2.731E+08
  247.0  2.618E+08
  248.0  2.510E+08
  249.0  2.407E+08
  250.0  2.307E+08
  251.0  2.212E+08
  252.0  2.121E+08
  253.0  2.033E+08
  254.0  1.950E+08
  255.0  1.869E+08
  256.0  1.793E+08
  257.0  1.719E+08
  258.0  1.648E+08
  259.0  1.580E+08
  260.0  1.516E+08
  261.0  1.453E+08
  262.0  1.394E+08
  263.0  1.337E+08
  264.0  1.282E+08
  265.0  1.229E+08
  266.0  1.179E+08
  267.0  1.131E+08
  268.0  1.085E+08
  269.0  1.040E+08
  270.0  9.978E+07
  271.0  9.570E+07
  272.0  9.179E+07
  273.0  8.805E+07
  274.0  8.446E+07
  275.0  8.101E+07
  276.0  7.771E+07
  277.0  7.455E+07
  278.0  7.151E+07
  279.0  6.860E+07
  280.0  6.581E+07
  281.0  6.313E+07
  282.0  6.057E+07
  283.0  5.811E+07
  284.0  5.575E+07
  285.0  5.348E+07
  286.0  5.131E+07
  287.0  4.923E+07
  288.0  4.723E+07
  289.0  4.532E+07
  290.0  4.348E+07
  291.0  4.172E+07
  292.0  4.003E+07
  293.0  3.841E+07
  294.0  3.685E+07
  295.0  3.536E+07
  296.0  3.393E+07
  297.0  3.256E+07
  298.0  3.125E+07
  299.0  2.998E+07
  300.0  2.877E+07
  301.0  2.761E+07
  302.0  2.650E+07
  303.0  2.543E+07
  304.0  2.440E+07
  305.0  2.342E+07
  306.0  2.247E+07
  307.0  2.157E+07
  308.0  2.070E+07
  309.0  1.987E+07
  310.0  1.907E+07
  311.0  1.830E+07
  312.0  1.756E+07
  313.0  1.686E+07
  314.0  1.618E+07
  315.0  1.553E+07
  316.0  1.491E+07
  317.0  1.431E+07
  318.0  1.373E+07
  319.0  1.318E+07
  320.0  1.265E+07
  321.0  1.215E+07
  322.0  1.166E+07
  323.0  1.119E+07
  324.0  1.074E+07
  325.0  1.031E+07
  326.0  9.900E+06
  327.0  9.504E+06
  328.0  9.123E+06
  329.0  8.758E+06
  330.0  8.408E+06
  331.0  8.072E+06
  332.0  7.749E+06
  333.0  7.440E+06
  334.0  7.143E+06
  335.0  6.857E+06
  336.0  6.584E+06
  337.0  6.321E+06
  338.0  6.069E+06
  339.0  5.827E+06
  340.0  5.595E+06
  341.0  5.372E+06
  342.0  5.158E+06
  343.0  4.952E+06
  344.0  4.755E+06
  345.0  4.566E+06
  346.0  4.384E+06
  347.0  4.210E+06
  348.0  4.042E+06
  349.0  3.881E+06
  350.0  3.727E+06
  351.0  3.579E+06
  352.0  3.437E+06
  353.0  3.300E+06
  354.0  3.169E+06
  355.0  3.044E+06
  356.0  2.923E+06
  357.0  2.807E+06
  358.0  2.696E+06
  359.0  2.589E+06
  360.0  2.486E+06
  361.0  2.388E+06
  362.0  2.293E+06
  363.0  2.202E+06
  364.0  2.115E+06
  365.0  2.031E+06
  366.0  1.951E+06
  367.0  1.874E+06
  368.0  1.800E+06
  369.0  1.729E+06
  370.0  1.660E+06
  371.0  1.595E+06
  372.0  1.532E+06
  373.0  1.471E+06
  374.0  1.413E+06
  375.0  1.358E+06
  376.0  1.304E+06
  377.0  1.253E+06
  378.0  1.203E+06
  379.0  1.156E+06
  380.0  1.110E+06
  381.0  1.067E+06
  382.0  1.025E+06
  383.0  9.842E+05
  384.0  9.455E+05
  385.0  9.083E+05
  386.0  8.726E+05
  387.0  8.383E+05
  388.0  8.053E+05
  389.0  7.737E+05
  390.0  7.433E+05
  391.0  7.141E+05
  392.0  6.861E+05
  393.0  6.592E+05
  394.0  6.333E+05
  395.0  6.085E+05
  396.0  5.846E+05
  397.0  5.617E+05
  398.0  5.397E+05
  399.0  5.185E+05
  400.0  4.982E+05
  401.0  4.787E+05
  402.0  4.600E+05
  403.0  4.420E+05
  404.0  4.247E+05
  405.0  4.081E+05
  406.0  3.921E+05
  407.0  3.768E+05
  408.0  3.621E+05
  409.0  3.479E+05
  410.0  3.344E+05
  411.0  3.213E+05
  412.0  3.088E+05
  413.0  2.967E+05
  414.0  2.851E+05
  415.0  2.740E+05
  416.0  2.633E+05
  417.0  2.531E+05
  418.0  2.432E+05
  419.0  2.337E+05
  420.0  2.246E+05
  421.0  2.159E+05
  422.0  2.075E+05
  423.0  1.994E+05
  424.0  1.917E+05
  425.0  1.842E+05
  426.0  1.771E+05
  427.0  1.702E+05
  428.0  1.636E+05
  429.0  1.572E+05
  430.0  1.511E+05
  431.0  1.452E+05
  432.0  1.396E+05
  433.0  1.342E+05
  434.0  1.290E+05
  435.0  1.240E+05
  436.0  1.192E+05
  437.0  1.146E+05
  438.0  1.101E+05
  439.0  1.059E+05
  440.0  1.018E+05
  441.0  9.783E+04
  442.0  9.404E+04
  443.0  9.040E+04
  444.0  8.691E+04
  445.0  8.355E+04
  446.0  8.032E+04
  447.0  7.722E+04
  448.0  7.423E+04
  449.0  7.137E+04
  450.0  6.861E+04
  451.0  6.597E+04
  452.0  6.342E+04
  453.0  6.097E+04
  454.0  5.862E+04
  455.0  5.636E+04
  456.0  5.419E+04
  457.0  5.210E+04
  458.0  5.010E+04
  459.0  4.817E+04
  460.0  4.632E+04
  461.0  4.453E+04
  462.0  4.282E+04
  463.0  4.117E+04
  464.0  3.959E+04
  465.0  3.807E+04
  466.0  3.661E+04
  467.0  3.520E+04
  468.0  3.385E+04
  469.0  3.255E+04
  470.0  3.130E+04
  471.0  3.010E+04
  472.0  2.894E+04
  473.0  2.783E+04
  474.0  2.677E+04
  475.0  2.574E+04
  476.0  2.475E+04
  477.0  2.381E+04
  478.0  2.290E+04
  479.0  2.202E+04
  480.0  2.118E+04
  481.0  2.037E+04
  482.0  1.959E+04
  483.0  1.884E+04
  484.0  1.812E+04
  485.0  1.743E+04
  486.0  1.676E+04
  487.0  1.612E+04
  488.0  1.550E+04
  489.0  1.491E+04
  490.0  1.434E+04
  491.0  1.380E+04
  492.0  1.327E+04
  493.0  1.276E+04
  494.0  1.228E+04
  495.0  1.181E+04
  496.0  1.136E+04
  497.0  1.093E+04
  498.0  1.051E+04
  499.0  1.011E+04
  500.0  9.726E+03
  501.0  9.356E+03
  502.0  9.001E+03
  503.0  8.658E+03
  504.0  8.329E+03
  505.0  8.013E+03
  506.0  7.708E+03
  507.0  7.416E+03
  508.0  7.134E+03
  509.0  6.863E+03
  510.0  6.603E+03
  511.0  6.353E+03
  512.0  6.112E+03
  513.0  5.880E+03
  514.0  5.657E+03
  515.0  5.443E+03
  516.0  5.237E+03
  517.0  5.038E+03
  518.0  4.848E+03
  519.0  4.664E+03
  520.0  4.488E+03
  521.0  4.318E+03
  522.0  4.155E+03
  523.0  3.998E+03
  524.0  3.847E+03
  525.0  3.701E+03
  526.0  3.561E+03
  527.0  3.427E+03
  528.0  3.298E+03
  529.0  3.173E+03
  530.0  3.053E+03
  531.0  2.938E+03
  532.0  2.827E+03
  533.0  2.721E+03
  534.0  2.618E+03
  535.0  2.520E+03
  536.0  2.425E+03
  537.0  2.334E+03
  538.0  2.246E+03
  539.0  2.161E+03
  540.0  2.080E+03
  541.0  2.002E+03
  542.0  1.926E+03
  543.0  1.854E+03
  544.0  1.784E+03
  545.0  1.717E+03
  546.0  1.653E+03
  547.0  1.591E+03
  548.0  1.531E+03
  549.0  1.474E+03
  550.0  1.418E+03
  551.0  1.365E+03
  552.0  1.314E+03
  553.0  1.265E+03
  554.0  1.217E+03
  555.0  1.172E+03
  556.0  1.128E+03
  557.0  1.086E+03
  558.0  1.045E+03
  559.0  1.006E+03
  560.0  9.682E+02
  561.0  9.320E+02
  562.0  8.972E+02
  563.0  8.637E+02
  564.0  8.314E+02
  565.0  8.003E+02
  566.0  7.704E+02
  567.0  7.417E+02
  568.0  7.140E+02
  569.0  6.874E+02
  570.0  6.617E+02
  571.0  6.370E+02
  572.0  6.133E+02
  573.0  5.904E+02
  574.0  5.684E+02
  575.0  5.473E+02
  576.0  5.269E+02
  577.0  5.073E+02
  578.0  4.884E+02
  579.0  4.702E+02
  580.0  4.527E+02
  581.0  4.359E+02
  582.0  4.197E+02
  583.0  4.041E+02
  584.0  3.891E+02
  585.0  3.746E+02
  586.0  3.607E+02
  587.0  3.473E+02
  588.0  3.344E+02
  589.0  3.220E+02
  590.0  3.101E+02
  591.0  2.986E+02
  592.0  2.875E+02
  593.0  2.769E+02
  594.0  2.666E+02
  595.0  2.567E+02
  596.0  2.472E+02
  597.0  2.381E+02
  598.0  2.293E+02
  599.0  2.208E+02
  600.0  2.126E+02
