Selected parameters are:
1 Height, km
2 O2, cm-3

      1          2
    0.0  5.646E+18
    0.5  5.327E+18
    1.0  5.036E+18
    1.5  4.768E+18
    2.0  4.519E+18
    2.5  4.285E+18
    3.0  4.066E+18
    3.5  3.857E+18
    4.0  3.658E+18
    4.5  3.467E+18
    5.0  3.282E+18
    5.5  3.104E+18
    6.0  2.932E+18
    6.5  2.765E+18
    7.0  2.603E+18
    7.5  2.446E+18
    8.0  2.295E+18
    8.5  2.148E+18
    9.0  2.006E+18
    9.5  1.870E+18
   10.0  1.739E+18
   10.5  1.614E+18
   11.0  1.496E+18
   11.5  1.384E+18
   12.0  1.279E+18
   12.5  1.181E+18
   13.0  1.090E+18
   13.5  1.006E+18
   14.0  9.281E+17
   14.5  8.568E+17
   15.0  7.913E+17
   15.5  7.313E+17
   16.0  6.762E+17
   16.5  6.255E+17
   17.0  5.787E+17
   17.5  5.354E+17
   18.0  4.952E+17
   18.5  4.580E+17
   19.0  4.234E+17
   19.5  3.912E+17
   20.0  3.612E+17
   20.5  3.333E+17
   21.0  3.074E+17
   21.5  2.834E+17
   22.0  2.610E+17
   22.5  2.404E+17
   23.0  2.212E+17
   23.5  2.036E+17
   24.0  1.872E+17
   24.5  1.722E+17
   25.0  1.583E+17
   25.5  1.455E+17
   26.0  1.337E+17
   26.5  1.228E+17
   27.0  1.128E+17
   27.5  1.037E+17
   28.0  9.524E+16
   28.5  8.750E+16
   29.0  8.039E+16
   29.5  7.386E+16
   30.0  6.788E+16
   30.5  6.238E+16
   31.0  5.734E+16
   31.5  5.272E+16
   32.0  4.848E+16
   32.5  4.459E+16
   33.0  4.103E+16
   33.5  3.779E+16
   34.0  3.482E+16
   34.5  3.210E+16
   35.0  2.962E+16
   35.5  2.734E+16
   36.0  2.526E+16
   36.5  2.335E+16
   37.0  2.161E+16
   37.5  2.000E+16
   38.0  1.853E+16
   38.5  1.718E+16
   39.0  1.594E+16
   39.5  1.480E+16
   40.0  1.375E+16
   40.5  1.278E+16
   41.0  1.190E+16
   41.5  1.108E+16
   42.0  1.032E+16
   42.5  9.622E+15
   43.0  8.978E+15
   43.5  8.383E+15
   44.0  7.833E+15
   44.5  7.323E+15
   45.0  6.852E+15
   45.5  6.415E+15
   46.0  6.009E+15
   46.5  5.632E+15
   47.0  5.281E+15
   47.5  4.955E+15
   48.0  4.650E+15
   48.5  4.365E+15
   49.0  4.099E+15
   49.5  3.850E+15
   50.0  3.617E+15
   50.5  3.399E+15
   51.0  3.193E+15
   51.5  3.001E+15
   52.0  2.820E+15
   52.5  2.650E+15
   53.0  2.490E+15
   53.5  2.339E+15
   54.0  2.197E+15
   54.5  2.063E+15
   55.0  1.937E+15
   55.5  1.819E+15
   56.0  1.707E+15
   56.5  1.602E+15
   57.0  1.502E+15
   57.5  1.409E+15
   58.0  1.321E+15
   58.5  1.238E+15
   59.0  1.160E+15
   59.5  1.086E+15
   60.0  1.017E+15
   60.5  9.518E+14
   61.0  8.906E+14
   61.5  8.330E+14
   62.0  7.788E+14
   62.5  7.279E+14
   63.0  6.798E+14
   63.5  6.347E+14
   64.0  5.923E+14
   64.5  5.525E+14
   65.0  5.153E+14
   65.5  4.803E+14
   66.0  4.476E+14
   66.5  4.169E+14
   67.0  3.882E+14
   67.5  3.614E+14
   68.0  3.363E+14
   68.5  3.128E+14
   69.0  2.909E+14
   69.5  2.704E+14
   70.0  2.512E+14
   70.5  2.334E+14
   71.0  2.167E+14
   71.5  2.012E+14
   72.0  1.867E+14
   72.5  1.732E+14
   73.0  1.612E+14
   73.5  1.495E+14
   74.0  1.387E+14
   74.5  1.287E+14
   75.0  1.194E+14
   75.5  1.108E+14
   76.0  1.028E+14
   76.5  9.536E+13
   77.0  8.846E+13
   77.5  8.205E+13
   78.0  7.610E+13
   78.5  7.057E+13
   79.0  6.543E+13
   79.5  6.066E+13
   80.0  5.622E+13
   80.5  5.210E+13
   81.0  4.827E+13
   81.5  4.471E+13
   82.0  4.140E+13
   82.5  3.833E+13
   83.0  3.548E+13
   83.5  3.283E+13
   84.0  3.036E+13
   84.5  2.808E+13
   85.0  2.595E+13
   85.5  2.398E+13
   86.0  2.215E+13
   86.5  2.045E+13
   87.0  1.887E+13
   87.5  1.741E+13
   88.0  1.605E+13
   88.5  1.480E+13
   89.0  1.363E+13
   89.5  1.255E+13
   90.0  1.155E+13
   90.5  1.063E+13
   91.0  9.769E+12
   91.5  8.976E+12
   92.0  8.241E+12
   92.5  7.561E+12
   93.0  6.932E+12
   93.5  6.351E+12
   94.0  5.813E+12
   94.5  5.316E+12
   95.0  4.858E+12
   95.5  4.435E+12
   96.0  4.046E+12
   96.5  3.687E+12
   97.0  3.357E+12
   97.5  3.054E+12
   98.0  2.776E+12
   98.5  2.521E+12
   99.0  2.287E+12
   99.5  2.073E+12
  100.0  1.878E+12
  100.5  1.699E+12
  101.0  1.537E+12
  101.5  1.389E+12
  102.0  1.254E+12
  102.5  1.132E+12
  103.0  1.022E+12
  103.5  9.219E+11
  104.0  8.315E+11
  104.5  7.498E+11
  105.0  6.761E+11
  105.5  6.096E+11
  106.0  5.497E+11
  106.5  4.957E+11
  107.0  4.471E+11
  107.5  4.034E+11
  108.0  3.640E+11
  108.5  3.286E+11
  109.0  2.967E+11
  109.5  2.681E+11
  110.0  2.423E+11
  110.5  2.191E+11
  111.0  1.983E+11
  111.5  1.795E+11
  112.0  1.627E+11
  112.5  1.475E+11
  113.0  1.339E+11
  113.5  1.216E+11
  114.0  1.106E+11
  114.5  1.006E+11
  115.0  9.166E+10
  115.5  8.359E+10
  116.0  7.632E+10
  116.5  6.977E+10
  117.0  6.387E+10
  117.5  5.854E+10
  118.0  5.373E+10
  118.5  4.940E+10
  119.0  4.548E+10
  119.5  4.195E+10
  120.0  3.876E+10
  120.5  3.588E+10
  121.0  3.328E+10
  121.5  3.093E+10
  122.0  2.881E+10
  122.5  2.690E+10
  123.0  2.518E+10
  123.5  2.369E+10
  124.0  2.228E+10
  124.5  2.098E+10
  125.0  1.977E+10
  125.5  1.865E+10
  126.0  1.760E+10
  126.5  1.663E+10
  127.0  1.573E+10
  127.5  1.489E+10
  128.0  1.410E+10
  128.5  1.336E+10
  129.0  1.268E+10
  129.5  1.203E+10
  130.0  1.143E+10
  130.5  1.086E+10
  131.0  1.033E+10
  131.5  9.835E+09
  132.0  9.367E+09
  132.5  8.926E+09
  133.0  8.512E+09
  133.5  8.121E+09
  134.0  7.752E+09
  134.5  7.405E+09
  135.0  7.077E+09
  135.5  6.767E+09
  136.0  6.474E+09
  136.5  6.196E+09
  137.0  5.934E+09
  137.5  5.685E+09
  138.0  5.449E+09
  138.5  5.226E+09
  139.0  5.014E+09
  139.5  4.812E+09
  140.0  4.621E+09
  140.5  4.439E+09
  141.0  4.266E+09
  141.5  4.101E+09
  142.0  3.945E+09
  142.5  3.795E+09
  143.0  3.653E+09
  143.5  3.517E+09
  144.0  3.387E+09
  144.5  3.264E+09
  145.0  3.146E+09
  145.5  3.033E+09
  146.0  2.925E+09
  146.5  2.822E+09
  147.0  2.723E+09
  147.5  2.628E+09
  148.0  2.538E+09
  148.5  2.451E+09
  149.0  2.368E+09
  149.5  2.288E+09
  150.0  2.211E+09
  150.5  2.138E+09
  151.0  2.068E+09
  151.5  2.000E+09
  152.0  1.935E+09
  152.5  1.872E+09
  153.0  1.812E+09
  153.5  1.754E+09
  154.0  1.699E+09
  154.5  1.645E+09
  155.0  1.594E+09
  155.5  1.544E+09
  156.0  1.496E+09
  156.5  1.450E+09
  157.0  1.406E+09
  157.5  1.363E+09
  158.0  1.322E+09
  158.5  1.282E+09
  159.0  1.243E+09
  159.5  1.206E+09
  160.0  1.170E+09
  160.5  1.136E+09
  161.0  1.102E+09
  161.5  1.070E+09
  162.0  1.039E+09
  162.5  1.009E+09
  163.0  9.796E+08
  163.5  9.513E+08
  164.0  9.241E+08
  164.5  8.976E+08
  165.0  8.721E+08
  165.5  8.474E+08
  166.0  8.234E+08
  166.5  8.002E+08
  167.0  7.778E+08
  167.5  7.560E+08
  168.0  7.350E+08
  168.5  7.145E+08
  169.0  6.948E+08
  169.5  6.756E+08
  170.0  6.570E+08
  170.5  6.390E+08
  171.0  6.215E+08
  171.5  6.045E+08
  172.0  5.881E+08
  172.5  5.722E+08
  173.0  5.567E+08
  173.5  5.417E+08
  174.0  5.271E+08
  174.5  5.129E+08
  175.0  4.992E+08
  175.5  4.859E+08
  176.0  4.729E+08
  176.5  4.603E+08
  177.0  4.481E+08
  177.5  4.363E+08
  178.0  4.247E+08
  178.5  4.135E+08
  179.0  4.027E+08
  179.5  3.921E+08
  180.0  3.818E+08
  180.5  3.718E+08
  181.0  3.621E+08
  181.5  3.527E+08
  182.0  3.435E+08
  182.5  3.346E+08
  183.0  3.259E+08
  183.5  3.175E+08
  184.0  3.093E+08
  184.5  3.013E+08
  185.0  2.936E+08
  185.5  2.860E+08
  186.0  2.787E+08
  186.5  2.715E+08
  187.0  2.646E+08
  187.5  2.578E+08
  188.0  2.513E+08
  188.5  2.449E+08
  189.0  2.386E+08
  189.5  2.326E+08
  190.0  2.267E+08
  190.5  2.209E+08
  191.0  2.153E+08
  191.5  2.099E+08
  192.0  2.046E+08
  192.5  1.994E+08
  193.0  1.944E+08
  193.5  1.895E+08
  194.0  1.848E+08
  194.5  1.801E+08
  195.0  1.756E+08
  195.5  1.712E+08
  196.0  1.669E+08
  196.5  1.627E+08
  197.0  1.587E+08
  197.5  1.547E+08
  198.0  1.509E+08
  198.5  1.471E+08
  199.0  1.434E+08
  199.5  1.399E+08
  200.0  1.364E+08
  200.5  1.330E+08
  201.0  1.297E+08
  201.5  1.265E+08
  202.0  1.234E+08
  202.5  1.203E+08
  203.0  1.174E+08
  203.5  1.145E+08
  204.0  1.116E+08
  204.5  1.089E+08
  205.0  1.062E+08
  205.5  1.036E+08
  206.0  1.010E+08
  206.5  9.856E+07
  207.0  9.614E+07
  207.5  9.378E+07
  208.0  9.148E+07
  208.5  8.924E+07
  209.0  8.705E+07
  209.5  8.492E+07
  210.0  8.285E+07
  210.5  8.082E+07
  211.0  7.885E+07
  211.5  7.692E+07
  212.0  7.504E+07
  212.5  7.321E+07
  213.0  7.143E+07
  213.5  6.969E+07
  214.0  6.799E+07
  214.5  6.634E+07
  215.0  6.473E+07
  215.5  6.315E+07
  216.0  6.162E+07
  216.5  6.012E+07
  217.0  5.867E+07
  217.5  5.724E+07
  218.0  5.585E+07
  218.5  5.450E+07
  219.0  5.318E+07
  219.5  5.189E+07
  220.0  5.064E+07
  220.5  4.941E+07
  221.0  4.822E+07
  221.5  4.706E+07
  222.0  4.592E+07
  222.5  4.481E+07
  223.0  4.373E+07
  223.5  4.268E+07
  224.0  4.165E+07
  224.5  4.064E+07
  225.0  3.966E+07
  225.5  3.871E+07
  226.0  3.778E+07
  226.5  3.687E+07
  227.0  3.598E+07
  227.5  3.512E+07
  228.0  3.427E+07
  228.5  3.345E+07
  229.0  3.265E+07
  229.5  3.186E+07
  230.0  3.110E+07
  230.5  3.035E+07
  231.0  2.963E+07
  231.5  2.892E+07
  232.0  2.822E+07
  232.5  2.755E+07
  233.0  2.689E+07
  233.5  2.624E+07
  234.0  2.562E+07
  234.5  2.500E+07
  235.0  2.441E+07
  235.5  2.382E+07
  236.0  2.325E+07
  236.5  2.270E+07
  237.0  2.216E+07
  237.5  2.163E+07
  238.0  2.111E+07
  238.5  2.061E+07
  239.0  2.012E+07
  239.5  1.964E+07
  240.0  1.917E+07
  240.5  1.871E+07
  241.0  1.827E+07
  241.5  1.783E+07
  242.0  1.741E+07
  242.5  1.699E+07
  243.0  1.659E+07
  243.5  1.619E+07
  244.0  1.581E+07
  244.5  1.543E+07
  245.0  1.507E+07
  245.5  1.471E+07
  246.0  1.436E+07
  246.5  1.402E+07
  247.0  1.368E+07
  247.5  1.336E+07
  248.0  1.304E+07
  248.5  1.273E+07
  249.0  1.243E+07
  249.5  1.214E+07
  250.0  1.185E+07
  250.5  1.157E+07
  251.0  1.129E+07
  251.5  1.103E+07
  252.0  1.076E+07
  252.5  1.051E+07
  253.0  1.026E+07
  253.5  1.002E+07
  254.0  9.781E+06
  254.5  9.550E+06
  255.0  9.324E+06
  255.5  9.103E+06
  256.0  8.888E+06
  256.5  8.678E+06
  257.0  8.473E+06
  257.5  8.273E+06
  258.0  8.077E+06
  258.5  7.887E+06
  259.0  7.701E+06
  259.5  7.519E+06
  260.0  7.341E+06
  260.5  7.168E+06
  261.0  6.999E+06
  261.5  6.834E+06
  262.0  6.673E+06
  262.5  6.516E+06
  263.0  6.362E+06
  263.5  6.212E+06
  264.0  6.066E+06
  264.5  5.923E+06
  265.0  5.783E+06
  265.5  5.647E+06
  266.0  5.514E+06
  266.5  5.384E+06
  267.0  5.258E+06
  267.5  5.134E+06
  268.0  5.013E+06
  268.5  4.895E+06
  269.0  4.780E+06
  269.5  4.668E+06
  270.0  4.558E+06
  270.5  4.451E+06
  271.0  4.347E+06
  271.5  4.244E+06
  272.0  4.145E+06
  272.5  4.047E+06
  273.0  3.952E+06
  273.5  3.860E+06
  274.0  3.769E+06
  274.5  3.681E+06
  275.0  3.594E+06
  275.5  3.510E+06
  276.0  3.428E+06
  276.5  3.347E+06
  277.0  3.269E+06
  277.5  3.192E+06
  278.0  3.117E+06
  278.5  3.044E+06
  279.0  2.973E+06
  279.5  2.903E+06
  280.0  2.835E+06
  280.5  2.769E+06
  281.0  2.704E+06
  281.5  2.641E+06
  282.0  2.579E+06
  282.5  2.519E+06
  283.0  2.460E+06
  283.5  2.402E+06
  284.0  2.346E+06
  284.5  2.291E+06
  285.0  2.238E+06
  285.5  2.186E+06
  286.0  2.134E+06
  286.5  2.085E+06
  287.0  2.036E+06
  287.5  1.988E+06
  288.0  1.942E+06
  288.5  1.897E+06
  289.0  1.852E+06
  289.5  1.809E+06
  290.0  1.767E+06
  290.5  1.726E+06
  291.0  1.685E+06
  291.5  1.646E+06
  292.0  1.608E+06
  292.5  1.570E+06
  293.0  1.534E+06
  293.5  1.498E+06
  294.0  1.463E+06
  294.5  1.429E+06
  295.0  1.396E+06
  295.5  1.363E+06
  296.0  1.331E+06
  296.5  1.300E+06
  297.0  1.270E+06
  297.5  1.241E+06
  298.0  1.212E+06
  298.5  1.183E+06
  299.0  1.156E+06
  299.5  1.129E+06
  300.0  1.103E+06